img,cluster
cat/flickr_cat_000002.jpg,5
cat/flickr_cat_000003.jpg,1
cat/flickr_cat_000004.jpg,1
cat/flickr_cat_000005.jpg,1
cat/flickr_cat_000006.jpg,1
cat/flickr_cat_000007.jpg,5
cat/flickr_cat_000009.jpg,5
cat/flickr_cat_000010.jpg,5
cat/flickr_cat_000012.jpg,5
cat/flickr_cat_000013.jpg,1
cat/flickr_cat_000014.jpg,5
cat/flickr_cat_000015.jpg,5
cat/flickr_cat_000017.jpg,5
cat/flickr_cat_000018.jpg,5
cat/flickr_cat_000019.jpg,1
cat/flickr_cat_000020.jpg,1
cat/flickr_cat_000021.jpg,5
cat/flickr_cat_000022.jpg,7
cat/flickr_cat_000023.jpg,7
cat/flickr_cat_000024.jpg,1
cat/flickr_cat_000025.jpg,7
cat/flickr_cat_000026.jpg,5
cat/flickr_cat_000027.jpg,7
cat/flickr_cat_000028.jpg,7
cat/flickr_cat_000029.jpg,7
cat/flickr_cat_000030.jpg,5
cat/flickr_cat_000031.jpg,7
cat/flickr_cat_000032.jpg,1
cat/flickr_cat_000033.jpg,7
cat/flickr_cat_000034.jpg,1
cat/flickr_cat_000035.jpg,7
cat/flickr_cat_000036.jpg,5
cat/flickr_cat_000037.jpg,1
cat/flickr_cat_000038.jpg,1
cat/flickr_cat_000039.jpg,5
cat/flickr_cat_000040.jpg,1
cat/flickr_cat_000041.jpg,5
cat/flickr_cat_000042.jpg,1
cat/flickr_cat_000043.jpg,7
cat/flickr_cat_000044.jpg,5
cat/flickr_cat_000045.jpg,7
cat/flickr_cat_000046.jpg,5
cat/flickr_cat_000047.jpg,7
cat/flickr_cat_000048.jpg,5
cat/flickr_cat_000049.jpg,7
cat/flickr_cat_000050.jpg,5
cat/flickr_cat_000051.jpg,7
cat/flickr_cat_000052.jpg,7
cat/flickr_cat_000053.jpg,5
cat/flickr_cat_000054.jpg,1
cat/flickr_cat_000055.jpg,5
cat/flickr_cat_000057.jpg,1
cat/flickr_cat_000058.jpg,7
cat/flickr_cat_000059.jpg,5
cat/flickr_cat_000060.jpg,5
cat/flickr_cat_000061.jpg,7
cat/flickr_cat_000062.jpg,5
cat/flickr_cat_000063.jpg,5
cat/flickr_cat_000064.jpg,7
cat/flickr_cat_000065.jpg,7
cat/flickr_cat_000066.jpg,7
cat/flickr_cat_000067.jpg,7
cat/flickr_cat_000068.jpg,1
cat/flickr_cat_000069.jpg,5
cat/flickr_cat_000070.jpg,7
cat/flickr_cat_000071.jpg,1
cat/flickr_cat_000072.jpg,5
cat/flickr_cat_000073.jpg,5
cat/flickr_cat_000074.jpg,5
cat/flickr_cat_000075.jpg,5
cat/flickr_cat_000077.jpg,1
cat/flickr_cat_000078.jpg,7
cat/flickr_cat_000079.jpg,5
cat/flickr_cat_000081.jpg,7
cat/flickr_cat_000082.jpg,5
cat/flickr_cat_000083.jpg,1
cat/flickr_cat_000084.jpg,7
cat/flickr_cat_000085.jpg,5
cat/flickr_cat_000086.jpg,7
cat/flickr_cat_000087.jpg,1
cat/flickr_cat_000088.jpg,1
cat/flickr_cat_000089.jpg,1
cat/flickr_cat_000090.jpg,5
cat/flickr_cat_000091.jpg,7
cat/flickr_cat_000092.jpg,1
cat/flickr_cat_000093.jpg,1
cat/flickr_cat_000094.jpg,7
cat/flickr_cat_000095.jpg,1
cat/flickr_cat_000097.jpg,7
cat/flickr_cat_000098.jpg,7
cat/flickr_cat_000099.jpg,7
cat/flickr_cat_000100.jpg,7
cat/flickr_cat_000101.jpg,5
cat/flickr_cat_000102.jpg,5
cat/flickr_cat_000103.jpg,1
cat/flickr_cat_000104.jpg,5
cat/flickr_cat_000105.jpg,5
cat/flickr_cat_000106.jpg,7
cat/flickr_cat_000107.jpg,5
cat/flickr_cat_000109.jpg,7
cat/flickr_cat_000110.jpg,7
cat/flickr_cat_000111.jpg,7
cat/flickr_cat_000112.jpg,7
cat/flickr_cat_000113.jpg,7
cat/flickr_cat_000114.jpg,5
cat/flickr_cat_000115.jpg,7
cat/flickr_cat_000116.jpg,1
cat/flickr_cat_000117.jpg,5
cat/flickr_cat_000118.jpg,7
cat/flickr_cat_000119.jpg,7
cat/flickr_cat_000120.jpg,7
cat/flickr_cat_000121.jpg,7
cat/flickr_cat_000122.jpg,1
cat/flickr_cat_000124.jpg,7
cat/flickr_cat_000125.jpg,5
cat/flickr_cat_000126.jpg,1
cat/flickr_cat_000127.jpg,7
cat/flickr_cat_000128.jpg,5
cat/flickr_cat_000129.jpg,1
cat/flickr_cat_000130.jpg,5
cat/flickr_cat_000131.jpg,7
cat/flickr_cat_000132.jpg,7
cat/flickr_cat_000133.jpg,5
cat/flickr_cat_000134.jpg,1
cat/flickr_cat_000135.jpg,5
cat/flickr_cat_000137.jpg,5
cat/flickr_cat_000138.jpg,1
cat/flickr_cat_000139.jpg,5
cat/flickr_cat_000140.jpg,5
cat/flickr_cat_000141.jpg,1
cat/flickr_cat_000142.jpg,5
cat/flickr_cat_000143.jpg,5
cat/flickr_cat_000144.jpg,7
cat/flickr_cat_000145.jpg,7
cat/flickr_cat_000146.jpg,7
cat/flickr_cat_000147.jpg,7
cat/flickr_cat_000148.jpg,1
cat/flickr_cat_000149.jpg,5
cat/flickr_cat_000150.jpg,5
cat/flickr_cat_000151.jpg,1
cat/flickr_cat_000153.jpg,7
cat/flickr_cat_000154.jpg,1
cat/flickr_cat_000155.jpg,1
cat/flickr_cat_000156.jpg,1
cat/flickr_cat_000157.jpg,1
cat/flickr_cat_000158.jpg,1
cat/flickr_cat_000159.jpg,7
cat/flickr_cat_000160.jpg,7
cat/flickr_cat_000161.jpg,5
cat/flickr_cat_000163.jpg,5
cat/flickr_cat_000164.jpg,7
cat/flickr_cat_000166.jpg,7
cat/flickr_cat_000167.jpg,7
cat/flickr_cat_000168.jpg,7
cat/flickr_cat_000169.jpg,1
cat/flickr_cat_000170.jpg,1
cat/flickr_cat_000171.jpg,7
cat/flickr_cat_000172.jpg,5
cat/flickr_cat_000173.jpg,5
cat/flickr_cat_000178.jpg,7
cat/flickr_cat_000179.jpg,1
cat/flickr_cat_000181.jpg,1
cat/flickr_cat_000185.jpg,5
cat/flickr_cat_000186.jpg,5
cat/flickr_cat_000187.jpg,1
cat/flickr_cat_000188.jpg,1
cat/flickr_cat_000189.jpg,1
cat/flickr_cat_000190.jpg,1
cat/flickr_cat_000192.jpg,5
cat/flickr_cat_000193.jpg,7
cat/flickr_cat_000194.jpg,1
cat/flickr_cat_000195.jpg,7
cat/flickr_cat_000196.jpg,1
cat/flickr_cat_000197.jpg,7
cat/flickr_cat_000198.jpg,7
cat/flickr_cat_000199.jpg,5
cat/flickr_cat_000200.jpg,7
cat/flickr_cat_000201.jpg,5
cat/flickr_cat_000202.jpg,7
cat/flickr_cat_000203.jpg,7
cat/flickr_cat_000204.jpg,1
cat/flickr_cat_000205.jpg,7
cat/flickr_cat_000206.jpg,5
cat/flickr_cat_000207.jpg,7
cat/flickr_cat_000209.jpg,5
cat/flickr_cat_000210.jpg,7
cat/flickr_cat_000211.jpg,1
cat/flickr_cat_000212.jpg,5
cat/flickr_cat_000213.jpg,1
cat/flickr_cat_000214.jpg,7
cat/flickr_cat_000215.jpg,7
cat/flickr_cat_000217.jpg,5
cat/flickr_cat_000218.jpg,1
cat/flickr_cat_000219.jpg,7
cat/flickr_cat_000220.jpg,5
cat/flickr_cat_000221.jpg,5
cat/flickr_cat_000222.jpg,1
cat/flickr_cat_000223.jpg,7
cat/flickr_cat_000224.jpg,1
cat/flickr_cat_000225.jpg,1
cat/flickr_cat_000227.jpg,7
cat/flickr_cat_000228.jpg,1
cat/flickr_cat_000229.jpg,7
cat/flickr_cat_000231.jpg,1
cat/flickr_cat_000234.jpg,1
cat/flickr_cat_000235.jpg,5
cat/flickr_cat_000237.jpg,7
cat/flickr_cat_000239.jpg,5
cat/flickr_cat_000240.jpg,5
cat/flickr_cat_000241.jpg,1
cat/flickr_cat_000242.jpg,5
cat/flickr_cat_000243.jpg,5
cat/flickr_cat_000244.jpg,7
cat/flickr_cat_000245.jpg,1
cat/flickr_cat_000246.jpg,1
cat/flickr_cat_000247.jpg,7
cat/flickr_cat_000248.jpg,1
cat/flickr_cat_000249.jpg,1
cat/flickr_cat_000250.jpg,7
cat/flickr_cat_000251.jpg,5
cat/flickr_cat_000252.jpg,1
cat/flickr_cat_000254.jpg,1
cat/flickr_cat_000255.jpg,7
cat/flickr_cat_000256.jpg,5
cat/flickr_cat_000257.jpg,7
cat/flickr_cat_000258.jpg,1
cat/flickr_cat_000259.jpg,7
cat/flickr_cat_000260.jpg,7
cat/flickr_cat_000261.jpg,7
cat/flickr_cat_000262.jpg,5
cat/flickr_cat_000263.jpg,5
cat/flickr_cat_000264.jpg,1
cat/flickr_cat_000266.jpg,1
cat/flickr_cat_000267.jpg,1
cat/flickr_cat_000268.jpg,1
cat/flickr_cat_000269.jpg,1
cat/flickr_cat_000270.jpg,1
cat/flickr_cat_000271.jpg,7
cat/flickr_cat_000272.jpg,1
cat/flickr_cat_000273.jpg,7
cat/flickr_cat_000274.jpg,5
cat/flickr_cat_000275.jpg,7
cat/flickr_cat_000276.jpg,1
cat/flickr_cat_000277.jpg,5
cat/flickr_cat_000278.jpg,5
cat/flickr_cat_000279.jpg,7
cat/flickr_cat_000280.jpg,1
cat/flickr_cat_000281.jpg,1
cat/flickr_cat_000282.jpg,1
cat/flickr_cat_000284.jpg,1
cat/flickr_cat_000285.jpg,5
cat/flickr_cat_000286.jpg,1
cat/flickr_cat_000288.jpg,1
cat/flickr_cat_000289.jpg,7
cat/flickr_cat_000290.jpg,7
cat/flickr_cat_000291.jpg,7
cat/flickr_cat_000293.jpg,7
cat/flickr_cat_000294.jpg,7
cat/flickr_cat_000295.jpg,7
cat/flickr_cat_000296.jpg,1
cat/flickr_cat_000297.jpg,1
cat/flickr_cat_000298.jpg,5
cat/flickr_cat_000299.jpg,5
cat/flickr_cat_000300.jpg,7
cat/flickr_cat_000301.jpg,5
cat/flickr_cat_000302.jpg,5
cat/flickr_cat_000303.jpg,5
cat/flickr_cat_000304.jpg,1
cat/flickr_cat_000305.jpg,7
cat/flickr_cat_000306.jpg,1
cat/flickr_cat_000307.jpg,1
cat/flickr_cat_000308.jpg,1
cat/flickr_cat_000309.jpg,1
cat/flickr_cat_000310.jpg,1
cat/flickr_cat_000312.jpg,1
cat/flickr_cat_000313.jpg,7
cat/flickr_cat_000315.jpg,5
cat/flickr_cat_000316.jpg,5
cat/flickr_cat_000317.jpg,5
cat/flickr_cat_000318.jpg,5
cat/flickr_cat_000319.jpg,5
cat/flickr_cat_000321.jpg,5
cat/flickr_cat_000322.jpg,7
cat/flickr_cat_000323.jpg,5
cat/flickr_cat_000324.jpg,5
cat/flickr_cat_000325.jpg,5
cat/flickr_cat_000326.jpg,1
cat/flickr_cat_000327.jpg,7
cat/flickr_cat_000328.jpg,1
cat/flickr_cat_000329.jpg,7
cat/flickr_cat_000330.jpg,7
cat/flickr_cat_000331.jpg,1
cat/flickr_cat_000332.jpg,1
cat/flickr_cat_000333.jpg,1
cat/flickr_cat_000334.jpg,5
cat/flickr_cat_000335.jpg,5
cat/flickr_cat_000336.jpg,5
cat/flickr_cat_000337.jpg,5
cat/flickr_cat_000338.jpg,1
cat/flickr_cat_000339.jpg,1
cat/flickr_cat_000340.jpg,1
cat/flickr_cat_000342.jpg,5
cat/flickr_cat_000343.jpg,1
cat/flickr_cat_000344.jpg,1
cat/flickr_cat_000345.jpg,7
cat/flickr_cat_000346.jpg,5
cat/flickr_cat_000347.jpg,1
cat/flickr_cat_000348.jpg,7
cat/flickr_cat_000349.jpg,7
cat/flickr_cat_000352.jpg,1
cat/flickr_cat_000353.jpg,1
cat/flickr_cat_000354.jpg,1
cat/flickr_cat_000355.jpg,7
cat/flickr_cat_000356.jpg,7
cat/flickr_cat_000357.jpg,1
cat/flickr_cat_000358.jpg,1
cat/flickr_cat_000359.jpg,7
cat/flickr_cat_000360.jpg,5
cat/flickr_cat_000361.jpg,7
cat/flickr_cat_000362.jpg,5
cat/flickr_cat_000363.jpg,1
cat/flickr_cat_000364.jpg,5
cat/flickr_cat_000365.jpg,1
cat/flickr_cat_000366.jpg,7
cat/flickr_cat_000367.jpg,5
cat/flickr_cat_000369.jpg,5
cat/flickr_cat_000370.jpg,5
cat/flickr_cat_000371.jpg,1
cat/flickr_cat_000373.jpg,1
cat/flickr_cat_000374.jpg,1
cat/flickr_cat_000375.jpg,7
cat/flickr_cat_000376.jpg,1
cat/flickr_cat_000378.jpg,5
cat/flickr_cat_000379.jpg,7
cat/flickr_cat_000380.jpg,5
cat/flickr_cat_000381.jpg,5
cat/flickr_cat_000382.jpg,5
cat/flickr_cat_000383.jpg,1
cat/flickr_cat_000384.jpg,5
cat/flickr_cat_000385.jpg,5
cat/flickr_cat_000386.jpg,5
cat/flickr_cat_000388.jpg,5
cat/flickr_cat_000389.jpg,5
cat/flickr_cat_000390.jpg,7
cat/flickr_cat_000391.jpg,7
cat/flickr_cat_000392.jpg,1
cat/flickr_cat_000393.jpg,7
cat/flickr_cat_000394.jpg,7
cat/flickr_cat_000395.jpg,5
cat/flickr_cat_000396.jpg,1
cat/flickr_cat_000397.jpg,7
cat/flickr_cat_000398.jpg,5
cat/flickr_cat_000399.jpg,7
cat/flickr_cat_000400.jpg,5
cat/flickr_cat_000401.jpg,1
cat/flickr_cat_000402.jpg,1
cat/flickr_cat_000403.jpg,5
cat/flickr_cat_000404.jpg,5
cat/flickr_cat_000405.jpg,5
cat/flickr_cat_000406.jpg,1
cat/flickr_cat_000407.jpg,7
cat/flickr_cat_000408.jpg,7
cat/flickr_cat_000409.jpg,7
cat/flickr_cat_000410.jpg,1
cat/flickr_cat_000411.jpg,5
cat/flickr_cat_000412.jpg,7
cat/flickr_cat_000413.jpg,1
cat/flickr_cat_000414.jpg,0
cat/flickr_cat_000415.jpg,5
cat/flickr_cat_000416.jpg,7
cat/flickr_cat_000417.jpg,5
cat/flickr_cat_000420.jpg,5
cat/flickr_cat_000421.jpg,5
cat/flickr_cat_000422.jpg,1
cat/flickr_cat_000423.jpg,7
cat/flickr_cat_000424.jpg,5
cat/flickr_cat_000425.jpg,5
cat/flickr_cat_000426.jpg,5
cat/flickr_cat_000427.jpg,1
cat/flickr_cat_000428.jpg,5
cat/flickr_cat_000429.jpg,5
cat/flickr_cat_000430.jpg,7
cat/flickr_cat_000431.jpg,1
cat/flickr_cat_000432.jpg,7
cat/flickr_cat_000433.jpg,7
cat/flickr_cat_000434.jpg,7
cat/flickr_cat_000435.jpg,7
cat/flickr_cat_000436.jpg,1
cat/flickr_cat_000438.jpg,5
cat/flickr_cat_000439.jpg,1
cat/flickr_cat_000440.jpg,5
cat/flickr_cat_000442.jpg,7
cat/flickr_cat_000443.jpg,5
cat/flickr_cat_000444.jpg,7
cat/flickr_cat_000445.jpg,1
cat/flickr_cat_000447.jpg,1
cat/flickr_cat_000448.jpg,7
cat/flickr_cat_000449.jpg,7
cat/flickr_cat_000450.jpg,5
cat/flickr_cat_000451.jpg,1
cat/flickr_cat_000452.jpg,1
cat/flickr_cat_000453.jpg,7
cat/flickr_cat_000454.jpg,5
cat/flickr_cat_000455.jpg,7
cat/flickr_cat_000456.jpg,5
cat/flickr_cat_000457.jpg,5
cat/flickr_cat_000458.jpg,5
cat/flickr_cat_000459.jpg,1
cat/flickr_cat_000460.jpg,5
cat/flickr_cat_000461.jpg,5
cat/flickr_cat_000462.jpg,5
cat/flickr_cat_000463.jpg,7
cat/flickr_cat_000464.jpg,7
cat/flickr_cat_000465.jpg,5
cat/flickr_cat_000466.jpg,1
cat/flickr_cat_000467.jpg,1
cat/flickr_cat_000468.jpg,1
cat/flickr_cat_000469.jpg,5
cat/flickr_cat_000470.jpg,1
cat/flickr_cat_000471.jpg,7
cat/flickr_cat_000472.jpg,1
cat/flickr_cat_000473.jpg,5
cat/flickr_cat_000474.jpg,7
cat/flickr_cat_000475.jpg,7
cat/flickr_cat_000476.jpg,1
cat/flickr_cat_000477.jpg,1
cat/flickr_cat_000478.jpg,7
cat/flickr_cat_000479.jpg,5
cat/flickr_cat_000480.jpg,5
cat/flickr_cat_000481.jpg,1
cat/flickr_cat_000482.jpg,7
cat/flickr_cat_000483.jpg,5
cat/flickr_cat_000484.jpg,7
cat/flickr_cat_000485.jpg,1
cat/flickr_cat_000486.jpg,7
cat/flickr_cat_000487.jpg,0
cat/flickr_cat_000488.jpg,5
cat/flickr_cat_000489.jpg,7
cat/flickr_cat_000490.jpg,5
cat/flickr_cat_000491.jpg,7
cat/flickr_cat_000492.jpg,7
cat/flickr_cat_000493.jpg,7
cat/flickr_cat_000494.jpg,7
cat/flickr_cat_000496.jpg,7
cat/flickr_cat_000497.jpg,7
cat/flickr_cat_000498.jpg,7
cat/flickr_cat_000499.jpg,5
cat/flickr_cat_000500.jpg,5
cat/flickr_cat_000501.jpg,1
cat/flickr_cat_000502.jpg,7
cat/flickr_cat_000503.jpg,7
cat/flickr_cat_000504.jpg,5
cat/flickr_cat_000505.jpg,5
cat/flickr_cat_000506.jpg,7
cat/flickr_cat_000507.jpg,5
cat/flickr_cat_000508.jpg,7
cat/flickr_cat_000509.jpg,7
cat/flickr_cat_000510.jpg,5
cat/flickr_cat_000511.jpg,7
cat/flickr_cat_000512.jpg,5
cat/flickr_cat_000513.jpg,7
cat/flickr_cat_000515.jpg,7
cat/flickr_cat_000516.jpg,7
cat/flickr_cat_000517.jpg,1
cat/flickr_cat_000518.jpg,1
cat/flickr_cat_000519.jpg,5
cat/flickr_cat_000520.jpg,1
cat/flickr_cat_000521.jpg,5
cat/flickr_cat_000523.jpg,5
cat/flickr_cat_000524.jpg,1
cat/flickr_cat_000525.jpg,7
cat/flickr_cat_000527.jpg,5
cat/flickr_cat_000528.jpg,5
cat/flickr_cat_000530.jpg,7
cat/flickr_cat_000531.jpg,1
cat/flickr_cat_000532.jpg,7
cat/flickr_cat_000533.jpg,5
cat/flickr_cat_000537.jpg,7
cat/flickr_cat_000538.jpg,5
cat/flickr_cat_000539.jpg,7
cat/flickr_cat_000540.jpg,1
cat/flickr_cat_000541.jpg,5
cat/flickr_cat_000542.jpg,5
cat/flickr_cat_000543.jpg,7
cat/flickr_cat_000544.jpg,7
cat/flickr_cat_000545.jpg,5
cat/flickr_cat_000546.jpg,5
cat/flickr_cat_000547.jpg,1
cat/flickr_cat_000548.jpg,1
cat/flickr_cat_000549.jpg,1
cat/flickr_cat_000550.jpg,7
cat/flickr_cat_000551.jpg,7
cat/flickr_cat_000552.jpg,7
cat/flickr_cat_000553.jpg,5
cat/flickr_cat_000555.jpg,5
cat/flickr_cat_000556.jpg,7
cat/flickr_cat_000558.jpg,5
cat/flickr_cat_000559.jpg,7
cat/flickr_cat_000561.jpg,7
cat/flickr_cat_000562.jpg,5
cat/flickr_cat_000563.jpg,7
cat/flickr_cat_000564.jpg,5
cat/flickr_cat_000565.jpg,7
cat/flickr_cat_000566.jpg,7
cat/flickr_cat_000567.jpg,7
cat/flickr_cat_000568.jpg,5
cat/flickr_cat_000569.jpg,5
cat/flickr_cat_000571.jpg,7
cat/flickr_cat_000572.jpg,7
cat/flickr_cat_000573.jpg,1
cat/flickr_cat_000574.jpg,5
cat/flickr_cat_000576.jpg,7
cat/flickr_cat_000577.jpg,1
cat/flickr_cat_000578.jpg,7
cat/flickr_cat_000579.jpg,7
cat/flickr_cat_000580.jpg,5
cat/flickr_cat_000581.jpg,7
cat/flickr_cat_000582.jpg,7
cat/flickr_cat_000583.jpg,5
cat/flickr_cat_000584.jpg,7
cat/flickr_cat_000586.jpg,1
cat/flickr_cat_000587.jpg,7
cat/flickr_cat_000588.jpg,5
cat/flickr_cat_000589.jpg,7
cat/flickr_cat_000590.jpg,1
cat/flickr_cat_000591.jpg,7
cat/flickr_cat_000593.jpg,7
cat/flickr_cat_000594.jpg,5
cat/flickr_cat_000595.jpg,1
cat/flickr_cat_000596.jpg,5
cat/flickr_cat_000597.jpg,5
cat/flickr_cat_000598.jpg,5
cat/flickr_cat_000600.jpg,7
cat/flickr_cat_000601.jpg,7
cat/flickr_cat_000602.jpg,7
cat/flickr_cat_000603.jpg,7
cat/flickr_cat_000604.jpg,7
cat/flickr_cat_000605.jpg,5
cat/flickr_cat_000606.jpg,5
cat/flickr_cat_000607.jpg,1
cat/flickr_cat_000609.jpg,7
cat/flickr_cat_000611.jpg,5
cat/flickr_cat_000612.jpg,5
cat/flickr_cat_000613.jpg,1
cat/flickr_cat_000615.jpg,7
cat/flickr_cat_000616.jpg,1
cat/flickr_cat_000617.jpg,1
cat/flickr_cat_000618.jpg,7
cat/flickr_cat_000619.jpg,7
cat/flickr_cat_000620.jpg,7
cat/flickr_cat_000621.jpg,1
cat/flickr_cat_000622.jpg,7
cat/flickr_cat_000623.jpg,1
cat/flickr_cat_000624.jpg,1
cat/flickr_cat_000625.jpg,7
cat/flickr_cat_000626.jpg,1
cat/flickr_cat_000627.jpg,7
cat/flickr_cat_000630.jpg,7
cat/flickr_cat_000631.jpg,5
cat/flickr_cat_000632.jpg,5
cat/flickr_cat_000633.jpg,5
cat/flickr_cat_000634.jpg,7
cat/flickr_cat_000636.jpg,7
cat/flickr_cat_000638.jpg,7
cat/flickr_cat_000639.jpg,7
cat/flickr_cat_000640.jpg,7
cat/flickr_cat_000641.jpg,5
cat/flickr_cat_000642.jpg,5
cat/flickr_cat_000643.jpg,7
cat/flickr_cat_000644.jpg,7
cat/flickr_cat_000645.jpg,5
cat/flickr_cat_000646.jpg,1
cat/flickr_cat_000647.jpg,5
cat/flickr_cat_000648.jpg,7
cat/flickr_cat_000649.jpg,7
cat/flickr_cat_000650.jpg,1
cat/flickr_cat_000651.jpg,1
cat/flickr_cat_000652.jpg,5
cat/flickr_cat_000654.jpg,1
cat/flickr_cat_000655.jpg,1
cat/flickr_cat_000657.jpg,7
cat/flickr_cat_000658.jpg,5
cat/flickr_cat_000659.jpg,5
cat/flickr_cat_000660.jpg,1
cat/flickr_cat_000661.jpg,5
cat/flickr_cat_000662.jpg,1
cat/flickr_cat_000663.jpg,7
cat/flickr_cat_000664.jpg,7
cat/flickr_cat_000665.jpg,5
cat/flickr_cat_000666.jpg,5
cat/flickr_cat_000667.jpg,5
cat/flickr_cat_000668.jpg,5
cat/flickr_cat_000669.jpg,5
cat/flickr_cat_000670.jpg,1
cat/flickr_cat_000671.jpg,7
cat/flickr_cat_000672.jpg,1
cat/flickr_cat_000673.jpg,5
cat/flickr_cat_000674.jpg,7
cat/flickr_cat_000675.jpg,5
cat/flickr_cat_000677.jpg,7
cat/flickr_cat_000678.jpg,5
cat/flickr_cat_000679.jpg,7
cat/flickr_cat_000680.jpg,7
cat/flickr_cat_000681.jpg,5
cat/flickr_cat_000682.jpg,7
cat/flickr_cat_000683.jpg,7
cat/flickr_cat_000684.jpg,7
cat/flickr_cat_000685.jpg,7
cat/flickr_cat_000686.jpg,7
cat/flickr_cat_000687.jpg,7
cat/flickr_cat_000689.jpg,7
cat/flickr_cat_000690.jpg,1
cat/flickr_cat_000691.jpg,7
cat/flickr_cat_000692.jpg,5
cat/flickr_cat_000693.jpg,1
cat/flickr_cat_000694.jpg,7
cat/flickr_cat_000695.jpg,1
cat/flickr_cat_000696.jpg,5
cat/flickr_cat_000697.jpg,1
cat/flickr_cat_000698.jpg,1
cat/flickr_cat_000699.jpg,7
cat/flickr_cat_000700.jpg,5
cat/flickr_cat_000701.jpg,5
cat/flickr_cat_000702.jpg,7
cat/flickr_cat_000703.jpg,5
cat/flickr_cat_000704.jpg,1
cat/flickr_cat_000705.jpg,5
cat/flickr_cat_000706.jpg,5
cat/flickr_cat_000707.jpg,7
cat/flickr_cat_000708.jpg,1
cat/flickr_cat_000710.jpg,7
cat/flickr_cat_000711.jpg,5
cat/flickr_cat_000712.jpg,5
cat/flickr_cat_000713.jpg,5
cat/flickr_cat_000715.jpg,1
cat/flickr_cat_000716.jpg,7
cat/flickr_cat_000717.jpg,1
cat/flickr_cat_000718.jpg,7
cat/flickr_cat_000719.jpg,5
cat/flickr_cat_000720.jpg,7
cat/flickr_cat_000721.jpg,5
cat/flickr_cat_000722.jpg,5
cat/flickr_cat_000723.jpg,7
cat/flickr_cat_000724.jpg,7
cat/flickr_cat_000725.jpg,7
cat/flickr_cat_000726.jpg,7
cat/flickr_cat_000727.jpg,7
cat/flickr_cat_000728.jpg,7
cat/flickr_cat_000729.jpg,7
cat/flickr_cat_000730.jpg,7
cat/flickr_cat_000731.jpg,5
cat/flickr_cat_000732.jpg,7
cat/flickr_cat_000733.jpg,5
cat/flickr_cat_000734.jpg,1
cat/flickr_cat_000735.jpg,7
cat/flickr_cat_000736.jpg,5
cat/flickr_cat_000737.jpg,1
cat/flickr_cat_000738.jpg,7
cat/flickr_cat_000739.jpg,5
cat/flickr_cat_000740.jpg,5
cat/flickr_cat_000741.jpg,5
cat/flickr_cat_000742.jpg,5
cat/flickr_cat_000743.jpg,1
cat/flickr_cat_000744.jpg,7
cat/flickr_cat_000745.jpg,1
cat/flickr_cat_000748.jpg,1
cat/flickr_cat_000749.jpg,7
cat/flickr_cat_000750.jpg,7
cat/flickr_cat_000752.jpg,7
cat/flickr_cat_000753.jpg,1
cat/flickr_cat_000754.jpg,7
cat/flickr_cat_000755.jpg,1
cat/flickr_cat_000756.jpg,1
cat/flickr_cat_000757.jpg,5
cat/flickr_cat_000758.jpg,7
cat/flickr_cat_000760.jpg,5
cat/flickr_cat_000762.jpg,1
cat/flickr_cat_000763.jpg,7
cat/flickr_cat_000764.jpg,5
cat/flickr_cat_000765.jpg,7
cat/flickr_cat_000767.jpg,5
cat/flickr_cat_000768.jpg,7
cat/flickr_cat_000770.jpg,7
cat/flickr_cat_000771.jpg,7
cat/flickr_cat_000772.jpg,7
cat/flickr_cat_000773.jpg,7
cat/flickr_cat_000774.jpg,7
cat/flickr_cat_000775.jpg,7
cat/flickr_cat_000776.jpg,7
cat/flickr_cat_000777.jpg,5
cat/flickr_cat_000778.jpg,5
cat/flickr_cat_000779.jpg,7
cat/flickr_cat_000780.jpg,7
cat/flickr_cat_000781.jpg,7
cat/flickr_cat_000782.jpg,7
cat/flickr_cat_000783.jpg,7
cat/flickr_cat_000784.jpg,7
cat/flickr_cat_000785.jpg,7
cat/flickr_cat_000786.jpg,7
cat/flickr_cat_000787.jpg,5
cat/flickr_cat_000788.jpg,7
cat/flickr_cat_000789.jpg,7
cat/flickr_cat_000790.jpg,1
cat/flickr_cat_000791.jpg,7
cat/flickr_cat_000792.jpg,5
cat/flickr_cat_000793.jpg,5
cat/flickr_cat_000794.jpg,7
cat/flickr_cat_000795.jpg,7
cat/flickr_cat_000796.jpg,1
cat/flickr_cat_000797.jpg,5
cat/flickr_cat_000798.jpg,1
cat/flickr_cat_000799.jpg,7
cat/flickr_cat_000800.jpg,7
cat/flickr_cat_000801.jpg,1
cat/flickr_cat_000803.jpg,5
cat/flickr_cat_000804.jpg,5
cat/flickr_cat_000805.jpg,7
cat/flickr_cat_000806.jpg,7
cat/flickr_cat_000807.jpg,7
cat/flickr_cat_000808.jpg,1
cat/flickr_cat_000809.jpg,7
cat/flickr_cat_000810.jpg,5
cat/flickr_cat_000811.jpg,5
cat/flickr_cat_000812.jpg,5
cat/flickr_cat_000813.jpg,5
cat/flickr_cat_000815.jpg,1
cat/flickr_cat_000817.jpg,5
cat/flickr_cat_000818.jpg,1
cat/flickr_cat_000819.jpg,7
cat/flickr_cat_000820.jpg,5
cat/flickr_cat_000821.jpg,7
cat/pixabay_cat_000002.jpg,5
cat/pixabay_cat_000003.jpg,5
cat/pixabay_cat_000004.jpg,7
cat/pixabay_cat_000005.jpg,5
cat/pixabay_cat_000006.jpg,7
cat/pixabay_cat_000008.jpg,7
cat/pixabay_cat_000009.jpg,7
cat/pixabay_cat_000011.jpg,7
cat/pixabay_cat_000012.jpg,5
cat/pixabay_cat_000013.jpg,1
cat/pixabay_cat_000014.jpg,5
cat/pixabay_cat_000015.jpg,7
cat/pixabay_cat_000016.jpg,7
cat/pixabay_cat_000017.jpg,1
cat/pixabay_cat_000018.jpg,7
cat/pixabay_cat_000019.jpg,7
cat/pixabay_cat_000020.jpg,1
cat/pixabay_cat_000021.jpg,1
cat/pixabay_cat_000022.jpg,1
cat/pixabay_cat_000023.jpg,7
cat/pixabay_cat_000024.jpg,1
cat/pixabay_cat_000025.jpg,5
cat/pixabay_cat_000026.jpg,1
cat/pixabay_cat_000027.jpg,5
cat/pixabay_cat_000028.jpg,5
cat/pixabay_cat_000029.jpg,5
cat/pixabay_cat_000030.jpg,1
cat/pixabay_cat_000031.jpg,5
cat/pixabay_cat_000032.jpg,5
cat/pixabay_cat_000033.jpg,7
cat/pixabay_cat_000034.jpg,1
cat/pixabay_cat_000035.jpg,5
cat/pixabay_cat_000036.jpg,7
cat/pixabay_cat_000038.jpg,5
cat/pixabay_cat_000039.jpg,7
cat/pixabay_cat_000041.jpg,7
cat/pixabay_cat_000042.jpg,1
cat/pixabay_cat_000043.jpg,5
cat/pixabay_cat_000044.jpg,5
cat/pixabay_cat_000045.jpg,5
cat/pixabay_cat_000046.jpg,7
cat/pixabay_cat_000047.jpg,1
cat/pixabay_cat_000048.jpg,5
cat/pixabay_cat_000049.jpg,5
cat/pixabay_cat_000050.jpg,1
cat/pixabay_cat_000052.jpg,7
cat/pixabay_cat_000053.jpg,7
cat/pixabay_cat_000054.jpg,5
cat/pixabay_cat_000055.jpg,5
cat/pixabay_cat_000056.jpg,7
cat/pixabay_cat_000057.jpg,7
cat/pixabay_cat_000058.jpg,1
cat/pixabay_cat_000059.jpg,7
cat/pixabay_cat_000060.jpg,5
cat/pixabay_cat_000061.jpg,5
cat/pixabay_cat_000062.jpg,1
cat/pixabay_cat_000063.jpg,7
cat/pixabay_cat_000064.jpg,7
cat/pixabay_cat_000065.jpg,1
cat/pixabay_cat_000066.jpg,5
cat/pixabay_cat_000067.jpg,5
cat/pixabay_cat_000068.jpg,7
cat/pixabay_cat_000069.jpg,7
cat/pixabay_cat_000071.jpg,7
cat/pixabay_cat_000072.jpg,5
cat/pixabay_cat_000073.jpg,1
cat/pixabay_cat_000074.jpg,7
cat/pixabay_cat_000075.jpg,1
cat/pixabay_cat_000077.jpg,1
cat/pixabay_cat_000078.jpg,5
cat/pixabay_cat_000079.jpg,7
cat/pixabay_cat_000080.jpg,1
cat/pixabay_cat_000082.jpg,7
cat/pixabay_cat_000083.jpg,7
cat/pixabay_cat_000084.jpg,5
cat/pixabay_cat_000085.jpg,5
cat/pixabay_cat_000086.jpg,5
cat/pixabay_cat_000087.jpg,5
cat/pixabay_cat_000088.jpg,7
cat/pixabay_cat_000089.jpg,5
cat/pixabay_cat_000090.jpg,5
cat/pixabay_cat_000091.jpg,1
cat/pixabay_cat_000092.jpg,7
cat/pixabay_cat_000093.jpg,1
cat/pixabay_cat_000094.jpg,1
cat/pixabay_cat_000095.jpg,7
cat/pixabay_cat_000097.jpg,7
cat/pixabay_cat_000098.jpg,5
cat/pixabay_cat_000100.jpg,5
cat/pixabay_cat_000101.jpg,7
cat/pixabay_cat_000102.jpg,5
cat/pixabay_cat_000103.jpg,1
cat/pixabay_cat_000104.jpg,7
cat/pixabay_cat_000105.jpg,5
cat/pixabay_cat_000106.jpg,7
cat/pixabay_cat_000107.jpg,5
cat/pixabay_cat_000109.jpg,7
cat/pixabay_cat_000110.jpg,5
cat/pixabay_cat_000111.jpg,5
cat/pixabay_cat_000112.jpg,7
cat/pixabay_cat_000113.jpg,5
cat/pixabay_cat_000114.jpg,5
cat/pixabay_cat_000115.jpg,1
cat/pixabay_cat_000116.jpg,1
cat/pixabay_cat_000118.jpg,5
cat/pixabay_cat_000119.jpg,5
cat/pixabay_cat_000120.jpg,7
cat/pixabay_cat_000121.jpg,1
cat/pixabay_cat_000122.jpg,5
cat/pixabay_cat_000123.jpg,7
cat/pixabay_cat_000124.jpg,7
cat/pixabay_cat_000125.jpg,7
cat/pixabay_cat_000127.jpg,1
cat/pixabay_cat_000128.jpg,1
cat/pixabay_cat_000129.jpg,7
cat/pixabay_cat_000130.jpg,7
cat/pixabay_cat_000131.jpg,1
cat/pixabay_cat_000132.jpg,5
cat/pixabay_cat_000133.jpg,7
cat/pixabay_cat_000134.jpg,5
cat/pixabay_cat_000135.jpg,7
cat/pixabay_cat_000136.jpg,5
cat/pixabay_cat_000137.jpg,7
cat/pixabay_cat_000138.jpg,1
cat/pixabay_cat_000139.jpg,7
cat/pixabay_cat_000140.jpg,5
cat/pixabay_cat_000141.jpg,5
cat/pixabay_cat_000142.jpg,1
cat/pixabay_cat_000143.jpg,7
cat/pixabay_cat_000144.jpg,5
cat/pixabay_cat_000145.jpg,5
cat/pixabay_cat_000146.jpg,7
cat/pixabay_cat_000148.jpg,7
cat/pixabay_cat_000149.jpg,5
cat/pixabay_cat_000150.jpg,7
cat/pixabay_cat_000152.jpg,7
cat/pixabay_cat_000153.jpg,7
cat/pixabay_cat_000154.jpg,1
cat/pixabay_cat_000155.jpg,7
cat/pixabay_cat_000156.jpg,7
cat/pixabay_cat_000157.jpg,5
cat/pixabay_cat_000158.jpg,7
cat/pixabay_cat_000159.jpg,7
cat/pixabay_cat_000160.jpg,7
cat/pixabay_cat_000161.jpg,5
cat/pixabay_cat_000162.jpg,1
cat/pixabay_cat_000163.jpg,5
cat/pixabay_cat_000164.jpg,7
cat/pixabay_cat_000166.jpg,7
cat/pixabay_cat_000167.jpg,5
cat/pixabay_cat_000168.jpg,7
cat/pixabay_cat_000170.jpg,7
cat/pixabay_cat_000171.jpg,7
cat/pixabay_cat_000172.jpg,7
cat/pixabay_cat_000173.jpg,7
cat/pixabay_cat_000174.jpg,1
cat/pixabay_cat_000175.jpg,1
cat/pixabay_cat_000176.jpg,1
cat/pixabay_cat_000177.jpg,7
cat/pixabay_cat_000179.jpg,5
cat/pixabay_cat_000180.jpg,5
cat/pixabay_cat_000182.jpg,7
cat/pixabay_cat_000183.jpg,7
cat/pixabay_cat_000184.jpg,7
cat/pixabay_cat_000185.jpg,7
cat/pixabay_cat_000186.jpg,7
cat/pixabay_cat_000187.jpg,5
cat/pixabay_cat_000188.jpg,5
cat/pixabay_cat_000189.jpg,1
cat/pixabay_cat_000191.jpg,5
cat/pixabay_cat_000192.jpg,1
cat/pixabay_cat_000193.jpg,1
cat/pixabay_cat_000194.jpg,5
cat/pixabay_cat_000195.jpg,7
cat/pixabay_cat_000196.jpg,1
cat/pixabay_cat_000197.jpg,7
cat/pixabay_cat_000198.jpg,5
cat/pixabay_cat_000199.jpg,1
cat/pixabay_cat_000200.jpg,7
cat/pixabay_cat_000201.jpg,7
cat/pixabay_cat_000203.jpg,5
cat/pixabay_cat_000204.jpg,5
cat/pixabay_cat_000205.jpg,5
cat/pixabay_cat_000206.jpg,1
cat/pixabay_cat_000207.jpg,7
cat/pixabay_cat_000208.jpg,5
cat/pixabay_cat_000209.jpg,1
cat/pixabay_cat_000210.jpg,7
cat/pixabay_cat_000211.jpg,7
cat/pixabay_cat_000212.jpg,5
cat/pixabay_cat_000213.jpg,1
cat/pixabay_cat_000214.jpg,7
cat/pixabay_cat_000215.jpg,7
cat/pixabay_cat_000216.jpg,5
cat/pixabay_cat_000217.jpg,1
cat/pixabay_cat_000218.jpg,1
cat/pixabay_cat_000219.jpg,7
cat/pixabay_cat_000220.jpg,5
cat/pixabay_cat_000221.jpg,7
cat/pixabay_cat_000222.jpg,7
cat/pixabay_cat_000223.jpg,7
cat/pixabay_cat_000224.jpg,1
cat/pixabay_cat_000225.jpg,7
cat/pixabay_cat_000226.jpg,1
cat/pixabay_cat_000227.jpg,7
cat/pixabay_cat_000228.jpg,5
cat/pixabay_cat_000229.jpg,7
cat/pixabay_cat_000230.jpg,5
cat/pixabay_cat_000232.jpg,5
cat/pixabay_cat_000233.jpg,7
cat/pixabay_cat_000234.jpg,5
cat/pixabay_cat_000235.jpg,5
cat/pixabay_cat_000236.jpg,7
cat/pixabay_cat_000237.jpg,7
cat/pixabay_cat_000238.jpg,7
cat/pixabay_cat_000239.jpg,7
cat/pixabay_cat_000240.jpg,1
cat/pixabay_cat_000242.jpg,7
cat/pixabay_cat_000243.jpg,7
cat/pixabay_cat_000244.jpg,5
cat/pixabay_cat_000245.jpg,5
cat/pixabay_cat_000246.jpg,5
cat/pixabay_cat_000247.jpg,1
cat/pixabay_cat_000249.jpg,2
cat/pixabay_cat_000250.jpg,7
cat/pixabay_cat_000251.jpg,7
cat/pixabay_cat_000252.jpg,5
cat/pixabay_cat_000253.jpg,5
cat/pixabay_cat_000254.jpg,7
cat/pixabay_cat_000255.jpg,7
cat/pixabay_cat_000256.jpg,7
cat/pixabay_cat_000257.jpg,1
cat/pixabay_cat_000258.jpg,7
cat/pixabay_cat_000259.jpg,1
cat/pixabay_cat_000260.jpg,7
cat/pixabay_cat_000261.jpg,7
cat/pixabay_cat_000262.jpg,7
cat/pixabay_cat_000263.jpg,7
cat/pixabay_cat_000264.jpg,7
cat/pixabay_cat_000265.jpg,7
cat/pixabay_cat_000266.jpg,1
cat/pixabay_cat_000267.jpg,7
cat/pixabay_cat_000268.jpg,7
cat/pixabay_cat_000269.jpg,7
cat/pixabay_cat_000270.jpg,5
cat/pixabay_cat_000271.jpg,7
cat/pixabay_cat_000272.jpg,7
cat/pixabay_cat_000273.jpg,7
cat/pixabay_cat_000274.jpg,7
cat/pixabay_cat_000275.jpg,5
cat/pixabay_cat_000277.jpg,5
cat/pixabay_cat_000278.jpg,7
cat/pixabay_cat_000279.jpg,1
cat/pixabay_cat_000280.jpg,1
cat/pixabay_cat_000281.jpg,7
cat/pixabay_cat_000282.jpg,5
cat/pixabay_cat_000283.jpg,5
cat/pixabay_cat_000284.jpg,5
cat/pixabay_cat_000285.jpg,5
cat/pixabay_cat_000286.jpg,7
cat/pixabay_cat_000287.jpg,5
cat/pixabay_cat_000288.jpg,1
cat/pixabay_cat_000289.jpg,7
cat/pixabay_cat_000290.jpg,7
cat/pixabay_cat_000292.jpg,7
cat/pixabay_cat_000293.jpg,7
cat/pixabay_cat_000294.jpg,5
cat/pixabay_cat_000295.jpg,7
cat/pixabay_cat_000297.jpg,7
cat/pixabay_cat_000298.jpg,1
cat/pixabay_cat_000300.jpg,5
cat/pixabay_cat_000301.jpg,1
cat/pixabay_cat_000303.jpg,1
cat/pixabay_cat_000304.jpg,5
cat/pixabay_cat_000305.jpg,5
cat/pixabay_cat_000306.jpg,5
cat/pixabay_cat_000307.jpg,7
cat/pixabay_cat_000308.jpg,1
cat/pixabay_cat_000309.jpg,5
cat/pixabay_cat_000310.jpg,5
cat/pixabay_cat_000311.jpg,5
cat/pixabay_cat_000312.jpg,7
cat/pixabay_cat_000313.jpg,7
cat/pixabay_cat_000316.jpg,5
cat/pixabay_cat_000317.jpg,7
cat/pixabay_cat_000318.jpg,7
cat/pixabay_cat_000319.jpg,5
cat/pixabay_cat_000320.jpg,1
cat/pixabay_cat_000321.jpg,7
cat/pixabay_cat_000322.jpg,7
cat/pixabay_cat_000323.jpg,7
cat/pixabay_cat_000324.jpg,5
cat/pixabay_cat_000326.jpg,5
cat/pixabay_cat_000327.jpg,5
cat/pixabay_cat_000328.jpg,1
cat/pixabay_cat_000329.jpg,1
cat/pixabay_cat_000330.jpg,7
cat/pixabay_cat_000331.jpg,7
cat/pixabay_cat_000332.jpg,5
cat/pixabay_cat_000333.jpg,7
cat/pixabay_cat_000334.jpg,7
cat/pixabay_cat_000335.jpg,7
cat/pixabay_cat_000336.jpg,7
cat/pixabay_cat_000337.jpg,5
cat/pixabay_cat_000338.jpg,7
cat/pixabay_cat_000340.jpg,1
cat/pixabay_cat_000341.jpg,5
cat/pixabay_cat_000342.jpg,7
cat/pixabay_cat_000344.jpg,7
cat/pixabay_cat_000345.jpg,1
cat/pixabay_cat_000346.jpg,7
cat/pixabay_cat_000347.jpg,7
cat/pixabay_cat_000348.jpg,1
cat/pixabay_cat_000349.jpg,1
cat/pixabay_cat_000350.jpg,7
cat/pixabay_cat_000351.jpg,7
cat/pixabay_cat_000352.jpg,5
cat/pixabay_cat_000354.jpg,7
cat/pixabay_cat_000356.jpg,7
cat/pixabay_cat_000357.jpg,5
cat/pixabay_cat_000358.jpg,5
cat/pixabay_cat_000359.jpg,7
cat/pixabay_cat_000360.jpg,1
cat/pixabay_cat_000361.jpg,5
cat/pixabay_cat_000362.jpg,7
cat/pixabay_cat_000363.jpg,1
cat/pixabay_cat_000364.jpg,5
cat/pixabay_cat_000365.jpg,5
cat/pixabay_cat_000366.jpg,1
cat/pixabay_cat_000367.jpg,5
cat/pixabay_cat_000368.jpg,1
cat/pixabay_cat_000369.jpg,7
cat/pixabay_cat_000370.jpg,5
cat/pixabay_cat_000371.jpg,5
cat/pixabay_cat_000372.jpg,7
cat/pixabay_cat_000373.jpg,7
cat/pixabay_cat_000374.jpg,5
cat/pixabay_cat_000375.jpg,7
cat/pixabay_cat_000376.jpg,5
cat/pixabay_cat_000377.jpg,5
cat/pixabay_cat_000378.jpg,7
cat/pixabay_cat_000379.jpg,1
cat/pixabay_cat_000381.jpg,7
cat/pixabay_cat_000382.jpg,1
cat/pixabay_cat_000383.jpg,1
cat/pixabay_cat_000384.jpg,5
cat/pixabay_cat_000385.jpg,5
cat/pixabay_cat_000386.jpg,5
cat/pixabay_cat_000387.jpg,1
cat/pixabay_cat_000388.jpg,5
cat/pixabay_cat_000389.jpg,1
cat/pixabay_cat_000391.jpg,5
cat/pixabay_cat_000393.jpg,5
cat/pixabay_cat_000394.jpg,1
cat/pixabay_cat_000395.jpg,7
cat/pixabay_cat_000396.jpg,7
cat/pixabay_cat_000397.jpg,5
cat/pixabay_cat_000398.jpg,7
cat/pixabay_cat_000399.jpg,7
cat/pixabay_cat_000400.jpg,5
cat/pixabay_cat_000401.jpg,7
cat/pixabay_cat_000402.jpg,7
cat/pixabay_cat_000404.jpg,5
cat/pixabay_cat_000405.jpg,7
cat/pixabay_cat_000406.jpg,5
cat/pixabay_cat_000407.jpg,1
cat/pixabay_cat_000408.jpg,1
cat/pixabay_cat_000409.jpg,7
cat/pixabay_cat_000410.jpg,5
cat/pixabay_cat_000411.jpg,5
cat/pixabay_cat_000412.jpg,7
cat/pixabay_cat_000413.jpg,5
cat/pixabay_cat_000414.jpg,5
cat/pixabay_cat_000415.jpg,1
cat/pixabay_cat_000416.jpg,5
cat/pixabay_cat_000418.jpg,5
cat/pixabay_cat_000419.jpg,5
cat/pixabay_cat_000420.jpg,5
cat/pixabay_cat_000421.jpg,7
cat/pixabay_cat_000422.jpg,5
cat/pixabay_cat_000423.jpg,7
cat/pixabay_cat_000424.jpg,7
cat/pixabay_cat_000425.jpg,7
cat/pixabay_cat_000426.jpg,5
cat/pixabay_cat_000427.jpg,7
cat/pixabay_cat_000428.jpg,1
cat/pixabay_cat_000429.jpg,5
cat/pixabay_cat_000430.jpg,5
cat/pixabay_cat_000431.jpg,5
cat/pixabay_cat_000432.jpg,5
cat/pixabay_cat_000433.jpg,5
cat/pixabay_cat_000434.jpg,5
cat/pixabay_cat_000435.jpg,7
cat/pixabay_cat_000436.jpg,7
cat/pixabay_cat_000437.jpg,7
cat/pixabay_cat_000438.jpg,7
cat/pixabay_cat_000439.jpg,5
cat/pixabay_cat_000442.jpg,7
cat/pixabay_cat_000443.jpg,1
cat/pixabay_cat_000444.jpg,5
cat/pixabay_cat_000445.jpg,7
cat/pixabay_cat_000446.jpg,1
cat/pixabay_cat_000447.jpg,5
cat/pixabay_cat_000448.jpg,5
cat/pixabay_cat_000449.jpg,7
cat/pixabay_cat_000450.jpg,1
cat/pixabay_cat_000451.jpg,7
cat/pixabay_cat_000452.jpg,7
cat/pixabay_cat_000453.jpg,1
cat/pixabay_cat_000454.jpg,1
cat/pixabay_cat_000455.jpg,5
cat/pixabay_cat_000456.jpg,5
cat/pixabay_cat_000457.jpg,5
cat/pixabay_cat_000458.jpg,5
cat/pixabay_cat_000460.jpg,7
cat/pixabay_cat_000461.jpg,7
cat/pixabay_cat_000462.jpg,7
cat/pixabay_cat_000463.jpg,1
cat/pixabay_cat_000464.jpg,5
cat/pixabay_cat_000465.jpg,1
cat/pixabay_cat_000466.jpg,7
cat/pixabay_cat_000467.jpg,7
cat/pixabay_cat_000469.jpg,7
cat/pixabay_cat_000470.jpg,0
cat/pixabay_cat_000471.jpg,7
cat/pixabay_cat_000472.jpg,7
cat/pixabay_cat_000473.jpg,5
cat/pixabay_cat_000474.jpg,7
cat/pixabay_cat_000475.jpg,7
cat/pixabay_cat_000476.jpg,7
cat/pixabay_cat_000477.jpg,1
cat/pixabay_cat_000478.jpg,7
cat/pixabay_cat_000479.jpg,5
cat/pixabay_cat_000480.jpg,5
cat/pixabay_cat_000481.jpg,7
cat/pixabay_cat_000482.jpg,7
cat/pixabay_cat_000483.jpg,7
cat/pixabay_cat_000484.jpg,5
cat/pixabay_cat_000485.jpg,7
cat/pixabay_cat_000486.jpg,1
cat/pixabay_cat_000487.jpg,1
cat/pixabay_cat_000488.jpg,7
cat/pixabay_cat_000489.jpg,1
cat/pixabay_cat_000490.jpg,7
cat/pixabay_cat_000493.jpg,7
cat/pixabay_cat_000494.jpg,7
cat/pixabay_cat_000495.jpg,1
cat/pixabay_cat_000496.jpg,1
cat/pixabay_cat_000497.jpg,5
cat/pixabay_cat_000498.jpg,5
cat/pixabay_cat_000499.jpg,7
cat/pixabay_cat_000500.jpg,7
cat/pixabay_cat_000501.jpg,5
cat/pixabay_cat_000502.jpg,7
cat/pixabay_cat_000503.jpg,5
cat/pixabay_cat_000505.jpg,7
cat/pixabay_cat_000506.jpg,7
cat/pixabay_cat_000507.jpg,1
cat/pixabay_cat_000508.jpg,5
cat/pixabay_cat_000509.jpg,5
cat/pixabay_cat_000510.jpg,7
cat/pixabay_cat_000511.jpg,7
cat/pixabay_cat_000512.jpg,5
cat/pixabay_cat_000513.jpg,5
cat/pixabay_cat_000515.jpg,7
cat/pixabay_cat_000516.jpg,5
cat/pixabay_cat_000517.jpg,1
cat/pixabay_cat_000519.jpg,1
cat/pixabay_cat_000520.jpg,7
cat/pixabay_cat_000521.jpg,5
cat/pixabay_cat_000522.jpg,7
cat/pixabay_cat_000523.jpg,5
cat/pixabay_cat_000524.jpg,7
cat/pixabay_cat_000525.jpg,7
cat/pixabay_cat_000526.jpg,1
cat/pixabay_cat_000527.jpg,5
cat/pixabay_cat_000528.jpg,7
cat/pixabay_cat_000529.jpg,7
cat/pixabay_cat_000530.jpg,5
cat/pixabay_cat_000532.jpg,5
cat/pixabay_cat_000533.jpg,1
cat/pixabay_cat_000534.jpg,7
cat/pixabay_cat_000536.jpg,1
cat/pixabay_cat_000537.jpg,7
cat/pixabay_cat_000538.jpg,7
cat/pixabay_cat_000539.jpg,5
cat/pixabay_cat_000541.jpg,5
cat/pixabay_cat_000543.jpg,7
cat/pixabay_cat_000544.jpg,5
cat/pixabay_cat_000545.jpg,1
cat/pixabay_cat_000546.jpg,1
cat/pixabay_cat_000547.jpg,5
cat/pixabay_cat_000548.jpg,5
cat/pixabay_cat_000549.jpg,7
cat/pixabay_cat_000550.jpg,7
cat/pixabay_cat_000551.jpg,1
cat/pixabay_cat_000552.jpg,7
cat/pixabay_cat_000553.jpg,7
cat/pixabay_cat_000554.jpg,7
cat/pixabay_cat_000555.jpg,5
cat/pixabay_cat_000556.jpg,7
cat/pixabay_cat_000557.jpg,7
cat/pixabay_cat_000558.jpg,5
cat/pixabay_cat_000559.jpg,5
cat/pixabay_cat_000560.jpg,7
cat/pixabay_cat_000561.jpg,7
cat/pixabay_cat_000562.jpg,7
cat/pixabay_cat_000563.jpg,7
cat/pixabay_cat_000564.jpg,5
cat/pixabay_cat_000565.jpg,7
cat/pixabay_cat_000566.jpg,7
cat/pixabay_cat_000567.jpg,5
cat/pixabay_cat_000568.jpg,5
cat/pixabay_cat_000569.jpg,7
cat/pixabay_cat_000570.jpg,7
cat/pixabay_cat_000571.jpg,7
cat/pixabay_cat_000572.jpg,1
cat/pixabay_cat_000574.jpg,1
cat/pixabay_cat_000575.jpg,1
cat/pixabay_cat_000576.jpg,7
cat/pixabay_cat_000577.jpg,7
cat/pixabay_cat_000578.jpg,7
cat/pixabay_cat_000579.jpg,7
cat/pixabay_cat_000580.jpg,1
cat/pixabay_cat_000581.jpg,1
cat/pixabay_cat_000583.jpg,5
cat/pixabay_cat_000584.jpg,7
cat/pixabay_cat_000585.jpg,7
cat/pixabay_cat_000586.jpg,7
cat/pixabay_cat_000587.jpg,5
cat/pixabay_cat_000588.jpg,1
cat/pixabay_cat_000589.jpg,5
cat/pixabay_cat_000590.jpg,5
cat/pixabay_cat_000591.jpg,5
cat/pixabay_cat_000593.jpg,1
cat/pixabay_cat_000594.jpg,5
cat/pixabay_cat_000595.jpg,5
cat/pixabay_cat_000596.jpg,5
cat/pixabay_cat_000597.jpg,1
cat/pixabay_cat_000598.jpg,5
cat/pixabay_cat_000599.jpg,7
cat/pixabay_cat_000600.jpg,7
cat/pixabay_cat_000601.jpg,5
cat/pixabay_cat_000602.jpg,7
cat/pixabay_cat_000603.jpg,7
cat/pixabay_cat_000604.jpg,5
cat/pixabay_cat_000605.jpg,7
cat/pixabay_cat_000606.jpg,7
cat/pixabay_cat_000607.jpg,5
cat/pixabay_cat_000608.jpg,7
cat/pixabay_cat_000609.jpg,5
cat/pixabay_cat_000610.jpg,5
cat/pixabay_cat_000611.jpg,5
cat/pixabay_cat_000612.jpg,5
cat/pixabay_cat_000613.jpg,7
cat/pixabay_cat_000614.jpg,7
cat/pixabay_cat_000616.jpg,7
cat/pixabay_cat_000617.jpg,5
cat/pixabay_cat_000618.jpg,1
cat/pixabay_cat_000619.jpg,5
cat/pixabay_cat_000620.jpg,7
cat/pixabay_cat_000621.jpg,5
cat/pixabay_cat_000622.jpg,1
cat/pixabay_cat_000624.jpg,5
cat/pixabay_cat_000625.jpg,7
cat/pixabay_cat_000626.jpg,7
cat/pixabay_cat_000627.jpg,7
cat/pixabay_cat_000628.jpg,7
cat/pixabay_cat_000630.jpg,5
cat/pixabay_cat_000631.jpg,1
cat/pixabay_cat_000632.jpg,5
cat/pixabay_cat_000633.jpg,1
cat/pixabay_cat_000634.jpg,1
cat/pixabay_cat_000635.jpg,7
cat/pixabay_cat_000638.jpg,1
cat/pixabay_cat_000639.jpg,5
cat/pixabay_cat_000640.jpg,7
cat/pixabay_cat_000641.jpg,7
cat/pixabay_cat_000642.jpg,5
cat/pixabay_cat_000643.jpg,5
cat/pixabay_cat_000644.jpg,5
cat/pixabay_cat_000645.jpg,1
cat/pixabay_cat_000646.jpg,5
cat/pixabay_cat_000647.jpg,1
cat/pixabay_cat_000648.jpg,7
cat/pixabay_cat_000649.jpg,7
cat/pixabay_cat_000650.jpg,5
cat/pixabay_cat_000652.jpg,1
cat/pixabay_cat_000653.jpg,5
cat/pixabay_cat_000654.jpg,1
cat/pixabay_cat_000655.jpg,7
cat/pixabay_cat_000656.jpg,1
cat/pixabay_cat_000657.jpg,1
cat/pixabay_cat_000658.jpg,7
cat/pixabay_cat_000659.jpg,5
cat/pixabay_cat_000660.jpg,1
cat/pixabay_cat_000661.jpg,1
cat/pixabay_cat_000662.jpg,7
cat/pixabay_cat_000664.jpg,5
cat/pixabay_cat_000665.jpg,7
cat/pixabay_cat_000667.jpg,1
cat/pixabay_cat_000669.jpg,7
cat/pixabay_cat_000670.jpg,5
cat/pixabay_cat_000671.jpg,7
cat/pixabay_cat_000672.jpg,5
cat/pixabay_cat_000673.jpg,7
cat/pixabay_cat_000674.jpg,5
cat/pixabay_cat_000675.jpg,5
cat/pixabay_cat_000676.jpg,7
cat/pixabay_cat_000677.jpg,7
cat/pixabay_cat_000678.jpg,7
cat/pixabay_cat_000679.jpg,7
cat/pixabay_cat_000680.jpg,7
cat/pixabay_cat_000681.jpg,7
cat/pixabay_cat_000682.jpg,7
cat/pixabay_cat_000683.jpg,7
cat/pixabay_cat_000684.jpg,7
cat/pixabay_cat_000685.jpg,5
cat/pixabay_cat_000686.jpg,7
cat/pixabay_cat_000687.jpg,1
cat/pixabay_cat_000688.jpg,7
cat/pixabay_cat_000689.jpg,7
cat/pixabay_cat_000690.jpg,5
cat/pixabay_cat_000691.jpg,5
cat/pixabay_cat_000692.jpg,1
cat/pixabay_cat_000693.jpg,7
cat/pixabay_cat_000694.jpg,7
cat/pixabay_cat_000695.jpg,5
cat/pixabay_cat_000697.jpg,5
cat/pixabay_cat_000698.jpg,5
cat/pixabay_cat_000699.jpg,7
cat/pixabay_cat_000701.jpg,5
cat/pixabay_cat_000702.jpg,7
cat/pixabay_cat_000703.jpg,1
cat/pixabay_cat_000704.jpg,1
cat/pixabay_cat_000705.jpg,1
cat/pixabay_cat_000706.jpg,7
cat/pixabay_cat_000707.jpg,7
cat/pixabay_cat_000709.jpg,7
cat/pixabay_cat_000710.jpg,5
cat/pixabay_cat_000711.jpg,7
cat/pixabay_cat_000712.jpg,5
cat/pixabay_cat_000713.jpg,5
cat/pixabay_cat_000714.jpg,7
cat/pixabay_cat_000715.jpg,7
cat/pixabay_cat_000716.jpg,7
cat/pixabay_cat_000717.jpg,5
cat/pixabay_cat_000718.jpg,7
cat/pixabay_cat_000719.jpg,7
cat/pixabay_cat_000720.jpg,7
cat/pixabay_cat_000721.jpg,5
cat/pixabay_cat_000722.jpg,1
cat/pixabay_cat_000723.jpg,7
cat/pixabay_cat_000724.jpg,5
cat/pixabay_cat_000725.jpg,1
cat/pixabay_cat_000726.jpg,1
cat/pixabay_cat_000727.jpg,1
cat/pixabay_cat_000728.jpg,5
cat/pixabay_cat_000729.jpg,5
cat/pixabay_cat_000731.jpg,7
cat/pixabay_cat_000732.jpg,7
cat/pixabay_cat_000733.jpg,7
cat/pixabay_cat_000734.jpg,5
cat/pixabay_cat_000736.jpg,7
cat/pixabay_cat_000737.jpg,7
cat/pixabay_cat_000738.jpg,7
cat/pixabay_cat_000739.jpg,1
cat/pixabay_cat_000740.jpg,7
cat/pixabay_cat_000741.jpg,7
cat/pixabay_cat_000742.jpg,7
cat/pixabay_cat_000744.jpg,7
cat/pixabay_cat_000745.jpg,5
cat/pixabay_cat_000746.jpg,7
cat/pixabay_cat_000747.jpg,7
cat/pixabay_cat_000748.jpg,1
cat/pixabay_cat_000749.jpg,7
cat/pixabay_cat_000750.jpg,5
cat/pixabay_cat_000752.jpg,1
cat/pixabay_cat_000753.jpg,7
cat/pixabay_cat_000754.jpg,5
cat/pixabay_cat_000757.jpg,5
cat/pixabay_cat_000758.jpg,7
cat/pixabay_cat_000759.jpg,7
cat/pixabay_cat_000761.jpg,5
cat/pixabay_cat_000762.jpg,7
cat/pixabay_cat_000763.jpg,1
cat/pixabay_cat_000764.jpg,5
cat/pixabay_cat_000765.jpg,7
cat/pixabay_cat_000766.jpg,7
cat/pixabay_cat_000767.jpg,7
cat/pixabay_cat_000768.jpg,1
cat/pixabay_cat_000769.jpg,5
cat/pixabay_cat_000770.jpg,7
cat/pixabay_cat_000771.jpg,5
cat/pixabay_cat_000772.jpg,7
cat/pixabay_cat_000773.jpg,7
cat/pixabay_cat_000774.jpg,5
cat/pixabay_cat_000775.jpg,7
cat/pixabay_cat_000776.jpg,7
cat/pixabay_cat_000777.jpg,7
cat/pixabay_cat_000778.jpg,5
cat/pixabay_cat_000779.jpg,1
cat/pixabay_cat_000780.jpg,5
cat/pixabay_cat_000781.jpg,5
cat/pixabay_cat_000782.jpg,7
cat/pixabay_cat_000783.jpg,7
cat/pixabay_cat_000784.jpg,5
cat/pixabay_cat_000785.jpg,7
cat/pixabay_cat_000786.jpg,1
cat/pixabay_cat_000787.jpg,7
cat/pixabay_cat_000788.jpg,7
cat/pixabay_cat_000789.jpg,5
cat/pixabay_cat_000790.jpg,5
cat/pixabay_cat_000792.jpg,5
cat/pixabay_cat_000793.jpg,7
cat/pixabay_cat_000794.jpg,5
cat/pixabay_cat_000795.jpg,5
cat/pixabay_cat_000796.jpg,7
cat/pixabay_cat_000797.jpg,1
cat/pixabay_cat_000798.jpg,5
cat/pixabay_cat_000799.jpg,5
cat/pixabay_cat_000800.jpg,7
cat/pixabay_cat_000802.jpg,7
cat/pixabay_cat_000804.jpg,5
cat/pixabay_cat_000805.jpg,7
cat/pixabay_cat_000806.jpg,7
cat/pixabay_cat_000807.jpg,5
cat/pixabay_cat_000808.jpg,1
cat/pixabay_cat_000809.jpg,5
cat/pixabay_cat_000810.jpg,5
cat/pixabay_cat_000811.jpg,7
cat/pixabay_cat_000813.jpg,1
cat/pixabay_cat_000814.jpg,5
cat/pixabay_cat_000815.jpg,7
cat/pixabay_cat_000816.jpg,7
cat/pixabay_cat_000817.jpg,5
cat/pixabay_cat_000818.jpg,1
cat/pixabay_cat_000819.jpg,7
cat/pixabay_cat_000820.jpg,1
cat/pixabay_cat_000821.jpg,7
cat/pixabay_cat_000822.jpg,7
cat/pixabay_cat_000823.jpg,1
cat/pixabay_cat_000824.jpg,5
cat/pixabay_cat_000825.jpg,1
cat/pixabay_cat_000826.jpg,7
cat/pixabay_cat_000827.jpg,5
cat/pixabay_cat_000828.jpg,7
cat/pixabay_cat_000830.jpg,5
cat/pixabay_cat_000832.jpg,5
cat/pixabay_cat_000834.jpg,1
cat/pixabay_cat_000835.jpg,7
cat/pixabay_cat_000836.jpg,5
cat/pixabay_cat_000837.jpg,1
cat/pixabay_cat_000838.jpg,7
cat/pixabay_cat_000839.jpg,1
cat/pixabay_cat_000841.jpg,1
cat/pixabay_cat_000843.jpg,1
cat/pixabay_cat_000845.jpg,5
cat/pixabay_cat_000846.jpg,5
cat/pixabay_cat_000848.jpg,5
cat/pixabay_cat_000849.jpg,5
cat/pixabay_cat_000850.jpg,7
cat/pixabay_cat_000851.jpg,7
cat/pixabay_cat_000852.jpg,5
cat/pixabay_cat_000853.jpg,5
cat/pixabay_cat_000854.jpg,5
cat/pixabay_cat_000855.jpg,7
cat/pixabay_cat_000856.jpg,7
cat/pixabay_cat_000857.jpg,1
cat/pixabay_cat_000858.jpg,1
cat/pixabay_cat_000859.jpg,7
cat/pixabay_cat_000860.jpg,5
cat/pixabay_cat_000862.jpg,7
cat/pixabay_cat_000863.jpg,1
cat/pixabay_cat_000864.jpg,5
cat/pixabay_cat_000865.jpg,5
cat/pixabay_cat_000866.jpg,1
cat/pixabay_cat_000868.jpg,7
cat/pixabay_cat_000869.jpg,5
cat/pixabay_cat_000870.jpg,1
cat/pixabay_cat_000871.jpg,5
cat/pixabay_cat_000872.jpg,7
cat/pixabay_cat_000873.jpg,7
cat/pixabay_cat_000874.jpg,5
cat/pixabay_cat_000875.jpg,5
cat/pixabay_cat_000877.jpg,7
cat/pixabay_cat_000878.jpg,7
cat/pixabay_cat_000879.jpg,1
cat/pixabay_cat_000880.jpg,5
cat/pixabay_cat_000881.jpg,5
cat/pixabay_cat_000882.jpg,7
cat/pixabay_cat_000883.jpg,7
cat/pixabay_cat_000884.jpg,5
cat/pixabay_cat_000885.jpg,5
cat/pixabay_cat_000886.jpg,5
cat/pixabay_cat_000887.jpg,1
cat/pixabay_cat_000888.jpg,7
cat/pixabay_cat_000891.jpg,5
cat/pixabay_cat_000892.jpg,5
cat/pixabay_cat_000894.jpg,7
cat/pixabay_cat_000895.jpg,7
cat/pixabay_cat_000896.jpg,5
cat/pixabay_cat_000897.jpg,7
cat/pixabay_cat_000898.jpg,7
cat/pixabay_cat_000899.jpg,7
cat/pixabay_cat_000900.jpg,1
cat/pixabay_cat_000902.jpg,5
cat/pixabay_cat_000903.jpg,5
cat/pixabay_cat_000904.jpg,7
cat/pixabay_cat_000905.jpg,1
cat/pixabay_cat_000906.jpg,5
cat/pixabay_cat_000907.jpg,5
cat/pixabay_cat_000908.jpg,7
cat/pixabay_cat_000909.jpg,1
cat/pixabay_cat_000910.jpg,5
cat/pixabay_cat_000911.jpg,5
cat/pixabay_cat_000912.jpg,5
cat/pixabay_cat_000913.jpg,7
cat/pixabay_cat_000914.jpg,5
cat/pixabay_cat_000915.jpg,5
cat/pixabay_cat_000916.jpg,7
cat/pixabay_cat_000917.jpg,5
cat/pixabay_cat_000918.jpg,5
cat/pixabay_cat_000919.jpg,7
cat/pixabay_cat_000920.jpg,7
cat/pixabay_cat_000921.jpg,7
cat/pixabay_cat_000922.jpg,7
cat/pixabay_cat_000923.jpg,1
cat/pixabay_cat_000924.jpg,5
cat/pixabay_cat_000925.jpg,5
cat/pixabay_cat_000926.jpg,7
cat/pixabay_cat_000927.jpg,7
cat/pixabay_cat_000928.jpg,7
cat/pixabay_cat_000930.jpg,7
cat/pixabay_cat_000931.jpg,7
cat/pixabay_cat_000932.jpg,7
cat/pixabay_cat_000933.jpg,1
cat/pixabay_cat_000934.jpg,1
cat/pixabay_cat_000936.jpg,5
cat/pixabay_cat_000937.jpg,5
cat/pixabay_cat_000938.jpg,5
cat/pixabay_cat_000939.jpg,5
cat/pixabay_cat_000940.jpg,5
cat/pixabay_cat_000941.jpg,1
cat/pixabay_cat_000942.jpg,7
cat/pixabay_cat_000943.jpg,1
cat/pixabay_cat_000944.jpg,5
cat/pixabay_cat_000945.jpg,1
cat/pixabay_cat_000946.jpg,7
cat/pixabay_cat_000947.jpg,1
cat/pixabay_cat_000948.jpg,1
cat/pixabay_cat_000949.jpg,7
cat/pixabay_cat_000950.jpg,5
cat/pixabay_cat_000951.jpg,5
cat/pixabay_cat_000952.jpg,7
cat/pixabay_cat_000953.jpg,1
cat/pixabay_cat_000954.jpg,1
cat/pixabay_cat_000955.jpg,5
cat/pixabay_cat_000956.jpg,1
cat/pixabay_cat_000957.jpg,5
cat/pixabay_cat_000958.jpg,5
cat/pixabay_cat_000959.jpg,5
cat/pixabay_cat_000960.jpg,5
cat/pixabay_cat_000961.jpg,7
cat/pixabay_cat_000962.jpg,5
cat/pixabay_cat_000963.jpg,7
cat/pixabay_cat_000964.jpg,5
cat/pixabay_cat_000965.jpg,7
cat/pixabay_cat_000966.jpg,5
cat/pixabay_cat_000967.jpg,5
cat/pixabay_cat_000969.jpg,7
cat/pixabay_cat_000970.jpg,5
cat/pixabay_cat_000971.jpg,7
cat/pixabay_cat_000972.jpg,1
cat/pixabay_cat_000973.jpg,1
cat/pixabay_cat_000974.jpg,5
cat/pixabay_cat_000975.jpg,7
cat/pixabay_cat_000976.jpg,7
cat/pixabay_cat_000977.jpg,7
cat/pixabay_cat_000978.jpg,5
cat/pixabay_cat_000979.jpg,7
cat/pixabay_cat_000981.jpg,7
cat/pixabay_cat_000982.jpg,5
cat/pixabay_cat_000983.jpg,1
cat/pixabay_cat_000984.jpg,7
cat/pixabay_cat_000985.jpg,5
cat/pixabay_cat_000986.jpg,5
cat/pixabay_cat_000987.jpg,1
cat/pixabay_cat_000991.jpg,7
cat/pixabay_cat_000992.jpg,5
cat/pixabay_cat_000993.jpg,7
cat/pixabay_cat_000994.jpg,5
cat/pixabay_cat_000995.jpg,5
cat/pixabay_cat_000996.jpg,1
cat/pixabay_cat_000997.jpg,5
cat/pixabay_cat_000998.jpg,7
cat/pixabay_cat_000999.jpg,5
cat/pixabay_cat_001000.jpg,7
cat/pixabay_cat_001001.jpg,1
cat/pixabay_cat_001002.jpg,1
cat/pixabay_cat_001004.jpg,5
cat/pixabay_cat_001005.jpg,7
cat/pixabay_cat_001006.jpg,5
cat/pixabay_cat_001007.jpg,1
cat/pixabay_cat_001008.jpg,5
cat/pixabay_cat_001009.jpg,5
cat/pixabay_cat_001010.jpg,7
cat/pixabay_cat_001011.jpg,5
cat/pixabay_cat_001012.jpg,7
cat/pixabay_cat_001013.jpg,7
cat/pixabay_cat_001014.jpg,7
cat/pixabay_cat_001015.jpg,7
cat/pixabay_cat_001016.jpg,5
cat/pixabay_cat_001017.jpg,7
cat/pixabay_cat_001019.jpg,7
cat/pixabay_cat_001020.jpg,7
cat/pixabay_cat_001021.jpg,5
cat/pixabay_cat_001022.jpg,5
cat/pixabay_cat_001023.jpg,1
cat/pixabay_cat_001024.jpg,5
cat/pixabay_cat_001025.jpg,5
cat/pixabay_cat_001026.jpg,1
cat/pixabay_cat_001027.jpg,5
cat/pixabay_cat_001028.jpg,7
cat/pixabay_cat_001030.jpg,7
cat/pixabay_cat_001031.jpg,5
cat/pixabay_cat_001032.jpg,1
cat/pixabay_cat_001033.jpg,7
cat/pixabay_cat_001034.jpg,1
cat/pixabay_cat_001035.jpg,1
cat/pixabay_cat_001036.jpg,7
cat/pixabay_cat_001037.jpg,5
cat/pixabay_cat_001038.jpg,0
cat/pixabay_cat_001039.jpg,5
cat/pixabay_cat_001041.jpg,5
cat/pixabay_cat_001042.jpg,5
cat/pixabay_cat_001043.jpg,1
cat/pixabay_cat_001044.jpg,1
cat/pixabay_cat_001045.jpg,1
cat/pixabay_cat_001046.jpg,5
cat/pixabay_cat_001047.jpg,5
cat/pixabay_cat_001048.jpg,5
cat/pixabay_cat_001049.jpg,7
cat/pixabay_cat_001050.jpg,1
cat/pixabay_cat_001051.jpg,7
cat/pixabay_cat_001052.jpg,5
cat/pixabay_cat_001053.jpg,7
cat/pixabay_cat_001054.jpg,1
cat/pixabay_cat_001056.jpg,5
cat/pixabay_cat_001057.jpg,5
cat/pixabay_cat_001058.jpg,7
cat/pixabay_cat_001059.jpg,1
cat/pixabay_cat_001060.jpg,7
cat/pixabay_cat_001061.jpg,5
cat/pixabay_cat_001062.jpg,7
cat/pixabay_cat_001063.jpg,7
cat/pixabay_cat_001064.jpg,5
cat/pixabay_cat_001065.jpg,1
cat/pixabay_cat_001066.jpg,7
cat/pixabay_cat_001067.jpg,5
cat/pixabay_cat_001068.jpg,7
cat/pixabay_cat_001069.jpg,1
cat/pixabay_cat_001070.jpg,7
cat/pixabay_cat_001071.jpg,5
cat/pixabay_cat_001072.jpg,5
cat/pixabay_cat_001073.jpg,1
cat/pixabay_cat_001074.jpg,7
cat/pixabay_cat_001075.jpg,5
cat/pixabay_cat_001076.jpg,5
cat/pixabay_cat_001077.jpg,1
cat/pixabay_cat_001078.jpg,5
cat/pixabay_cat_001079.jpg,5
cat/pixabay_cat_001082.jpg,1
cat/pixabay_cat_001083.jpg,5
cat/pixabay_cat_001085.jpg,1
cat/pixabay_cat_001086.jpg,5
cat/pixabay_cat_001087.jpg,5
cat/pixabay_cat_001088.jpg,1
cat/pixabay_cat_001089.jpg,7
cat/pixabay_cat_001090.jpg,5
cat/pixabay_cat_001091.jpg,1
cat/pixabay_cat_001092.jpg,5
cat/pixabay_cat_001094.jpg,1
cat/pixabay_cat_001095.jpg,1
cat/pixabay_cat_001096.jpg,5
cat/pixabay_cat_001097.jpg,5
cat/pixabay_cat_001100.jpg,1
cat/pixabay_cat_001101.jpg,7
cat/pixabay_cat_001102.jpg,7
cat/pixabay_cat_001103.jpg,5
cat/pixabay_cat_001104.jpg,1
cat/pixabay_cat_001106.jpg,5
cat/pixabay_cat_001107.jpg,7
cat/pixabay_cat_001108.jpg,7
cat/pixabay_cat_001109.jpg,7
cat/pixabay_cat_001110.jpg,5
cat/pixabay_cat_001111.jpg,7
cat/pixabay_cat_001112.jpg,7
cat/pixabay_cat_001113.jpg,5
cat/pixabay_cat_001114.jpg,1
cat/pixabay_cat_001115.jpg,7
cat/pixabay_cat_001116.jpg,5
cat/pixabay_cat_001117.jpg,7
cat/pixabay_cat_001118.jpg,5
cat/pixabay_cat_001119.jpg,7
cat/pixabay_cat_001120.jpg,1
cat/pixabay_cat_001121.jpg,1
cat/pixabay_cat_001122.jpg,1
cat/pixabay_cat_001123.jpg,7
cat/pixabay_cat_001124.jpg,1
cat/pixabay_cat_001125.jpg,1
cat/pixabay_cat_001126.jpg,1
cat/pixabay_cat_001127.jpg,7
cat/pixabay_cat_001128.jpg,1
cat/pixabay_cat_001129.jpg,5
cat/pixabay_cat_001130.jpg,7
cat/pixabay_cat_001131.jpg,7
cat/pixabay_cat_001132.jpg,1
cat/pixabay_cat_001133.jpg,5
cat/pixabay_cat_001134.jpg,5
cat/pixabay_cat_001135.jpg,5
cat/pixabay_cat_001136.jpg,7
cat/pixabay_cat_001137.jpg,7
cat/pixabay_cat_001138.jpg,7
cat/pixabay_cat_001139.jpg,5
cat/pixabay_cat_001140.jpg,5
cat/pixabay_cat_001141.jpg,5
cat/pixabay_cat_001142.jpg,7
cat/pixabay_cat_001145.jpg,7
cat/pixabay_cat_001146.jpg,7
cat/pixabay_cat_001147.jpg,5
cat/pixabay_cat_001148.jpg,1
cat/pixabay_cat_001149.jpg,7
cat/pixabay_cat_001150.jpg,7
cat/pixabay_cat_001151.jpg,1
cat/pixabay_cat_001152.jpg,1
cat/pixabay_cat_001153.jpg,5
cat/pixabay_cat_001154.jpg,1
cat/pixabay_cat_001155.jpg,1
cat/pixabay_cat_001156.jpg,5
cat/pixabay_cat_001157.jpg,1
cat/pixabay_cat_001158.jpg,5
cat/pixabay_cat_001159.jpg,7
cat/pixabay_cat_001160.jpg,1
cat/pixabay_cat_001161.jpg,5
cat/pixabay_cat_001162.jpg,1
cat/pixabay_cat_001163.jpg,5
cat/pixabay_cat_001164.jpg,5
cat/pixabay_cat_001165.jpg,1
cat/pixabay_cat_001166.jpg,7
cat/pixabay_cat_001167.jpg,5
cat/pixabay_cat_001168.jpg,7
cat/pixabay_cat_001169.jpg,5
cat/pixabay_cat_001170.jpg,5
cat/pixabay_cat_001171.jpg,7
cat/pixabay_cat_001172.jpg,5
cat/pixabay_cat_001173.jpg,1
cat/pixabay_cat_001174.jpg,5
cat/pixabay_cat_001175.jpg,7
cat/pixabay_cat_001176.jpg,5
cat/pixabay_cat_001177.jpg,5
cat/pixabay_cat_001178.jpg,5
cat/pixabay_cat_001180.jpg,5
cat/pixabay_cat_001181.jpg,1
cat/pixabay_cat_001182.jpg,1
cat/pixabay_cat_001183.jpg,7
cat/pixabay_cat_001184.jpg,7
cat/pixabay_cat_001185.jpg,1
cat/pixabay_cat_001186.jpg,5
cat/pixabay_cat_001187.jpg,1
cat/pixabay_cat_001188.jpg,1
cat/pixabay_cat_001189.jpg,7
cat/pixabay_cat_001190.jpg,7
cat/pixabay_cat_001191.jpg,7
cat/pixabay_cat_001192.jpg,5
cat/pixabay_cat_001193.jpg,7
cat/pixabay_cat_001194.jpg,5
cat/pixabay_cat_001197.jpg,5
cat/pixabay_cat_001198.jpg,5
cat/pixabay_cat_001199.jpg,7
cat/pixabay_cat_001200.jpg,5
cat/pixabay_cat_001201.jpg,7
cat/pixabay_cat_001202.jpg,5
cat/pixabay_cat_001203.jpg,1
cat/pixabay_cat_001204.jpg,5
cat/pixabay_cat_001206.jpg,7
cat/pixabay_cat_001207.jpg,1
cat/pixabay_cat_001208.jpg,5
cat/pixabay_cat_001209.jpg,5
cat/pixabay_cat_001210.jpg,7
cat/pixabay_cat_001211.jpg,7
cat/pixabay_cat_001213.jpg,5
cat/pixabay_cat_001214.jpg,5
cat/pixabay_cat_001215.jpg,7
cat/pixabay_cat_001216.jpg,7
cat/pixabay_cat_001217.jpg,5
cat/pixabay_cat_001218.jpg,1
cat/pixabay_cat_001219.jpg,7
cat/pixabay_cat_001220.jpg,5
cat/pixabay_cat_001221.jpg,7
cat/pixabay_cat_001222.jpg,1
cat/pixabay_cat_001223.jpg,5
cat/pixabay_cat_001224.jpg,7
cat/pixabay_cat_001225.jpg,1
cat/pixabay_cat_001226.jpg,7
cat/pixabay_cat_001227.jpg,7
cat/pixabay_cat_001228.jpg,5
cat/pixabay_cat_001229.jpg,7
cat/pixabay_cat_001230.jpg,7
cat/pixabay_cat_001231.jpg,5
cat/pixabay_cat_001232.jpg,7
cat/pixabay_cat_001233.jpg,7
cat/pixabay_cat_001234.jpg,5
cat/pixabay_cat_001235.jpg,7
cat/pixabay_cat_001236.jpg,1
cat/pixabay_cat_001237.jpg,5
cat/pixabay_cat_001238.jpg,7
cat/pixabay_cat_001239.jpg,7
cat/pixabay_cat_001240.jpg,5
cat/pixabay_cat_001241.jpg,7
cat/pixabay_cat_001242.jpg,7
cat/pixabay_cat_001243.jpg,5
cat/pixabay_cat_001244.jpg,1
cat/pixabay_cat_001245.jpg,1
cat/pixabay_cat_001246.jpg,1
cat/pixabay_cat_001247.jpg,7
cat/pixabay_cat_001248.jpg,5
cat/pixabay_cat_001249.jpg,7
cat/pixabay_cat_001250.jpg,7
cat/pixabay_cat_001251.jpg,1
cat/pixabay_cat_001252.jpg,1
cat/pixabay_cat_001253.jpg,5
cat/pixabay_cat_001254.jpg,1
cat/pixabay_cat_001255.jpg,5
cat/pixabay_cat_001256.jpg,1
cat/pixabay_cat_001257.jpg,5
cat/pixabay_cat_001258.jpg,7
cat/pixabay_cat_001259.jpg,1
cat/pixabay_cat_001260.jpg,7
cat/pixabay_cat_001261.jpg,7
cat/pixabay_cat_001262.jpg,5
cat/pixabay_cat_001263.jpg,5
cat/pixabay_cat_001264.jpg,7
cat/pixabay_cat_001265.jpg,5
cat/pixabay_cat_001266.jpg,7
cat/pixabay_cat_001267.jpg,0
cat/pixabay_cat_001268.jpg,7
cat/pixabay_cat_001270.jpg,0
cat/pixabay_cat_001271.jpg,5
cat/pixabay_cat_001273.jpg,7
cat/pixabay_cat_001274.jpg,7
cat/pixabay_cat_001275.jpg,7
cat/pixabay_cat_001276.jpg,7
cat/pixabay_cat_001277.jpg,7
cat/pixabay_cat_001278.jpg,7
cat/pixabay_cat_001279.jpg,5
cat/pixabay_cat_001280.jpg,7
cat/pixabay_cat_001281.jpg,7
cat/pixabay_cat_001282.jpg,7
cat/pixabay_cat_001283.jpg,7
cat/pixabay_cat_001284.jpg,5
cat/pixabay_cat_001285.jpg,5
cat/pixabay_cat_001288.jpg,7
cat/pixabay_cat_001289.jpg,7
cat/pixabay_cat_001290.jpg,7
cat/pixabay_cat_001291.jpg,5
cat/pixabay_cat_001292.jpg,5
cat/pixabay_cat_001293.jpg,5
cat/pixabay_cat_001294.jpg,1
cat/pixabay_cat_001295.jpg,7
cat/pixabay_cat_001296.jpg,1
cat/pixabay_cat_001297.jpg,1
cat/pixabay_cat_001298.jpg,5
cat/pixabay_cat_001299.jpg,7
cat/pixabay_cat_001300.jpg,7
cat/pixabay_cat_001301.jpg,7
cat/pixabay_cat_001302.jpg,7
cat/pixabay_cat_001303.jpg,1
cat/pixabay_cat_001304.jpg,1
cat/pixabay_cat_001305.jpg,7
cat/pixabay_cat_001306.jpg,7
cat/pixabay_cat_001307.jpg,7
cat/pixabay_cat_001308.jpg,1
cat/pixabay_cat_001310.jpg,1
cat/pixabay_cat_001311.jpg,5
cat/pixabay_cat_001312.jpg,7
cat/pixabay_cat_001313.jpg,5
cat/pixabay_cat_001314.jpg,7
cat/pixabay_cat_001315.jpg,1
cat/pixabay_cat_001316.jpg,7
cat/pixabay_cat_001317.jpg,1
cat/pixabay_cat_001318.jpg,7
cat/pixabay_cat_001319.jpg,1
cat/pixabay_cat_001320.jpg,5
cat/pixabay_cat_001321.jpg,5
cat/pixabay_cat_001322.jpg,7
cat/pixabay_cat_001324.jpg,7
cat/pixabay_cat_001325.jpg,5
cat/pixabay_cat_001326.jpg,5
cat/pixabay_cat_001327.jpg,1
cat/pixabay_cat_001328.jpg,1
cat/pixabay_cat_001329.jpg,1
cat/pixabay_cat_001330.jpg,7
cat/pixabay_cat_001331.jpg,5
cat/pixabay_cat_001332.jpg,7
cat/pixabay_cat_001333.jpg,7
cat/pixabay_cat_001334.jpg,5
cat/pixabay_cat_001335.jpg,7
cat/pixabay_cat_001336.jpg,5
cat/pixabay_cat_001337.jpg,7
cat/pixabay_cat_001338.jpg,5
cat/pixabay_cat_001339.jpg,7
cat/pixabay_cat_001340.jpg,1
cat/pixabay_cat_001341.jpg,5
cat/pixabay_cat_001343.jpg,7
cat/pixabay_cat_001344.jpg,7
cat/pixabay_cat_001345.jpg,5
cat/pixabay_cat_001346.jpg,7
cat/pixabay_cat_001347.jpg,1
cat/pixabay_cat_001349.jpg,7
cat/pixabay_cat_001350.jpg,5
cat/pixabay_cat_001351.jpg,1
cat/pixabay_cat_001352.jpg,5
cat/pixabay_cat_001353.jpg,7
cat/pixabay_cat_001354.jpg,5
cat/pixabay_cat_001355.jpg,1
cat/pixabay_cat_001356.jpg,5
cat/pixabay_cat_001357.jpg,5
cat/pixabay_cat_001358.jpg,7
cat/pixabay_cat_001360.jpg,7
cat/pixabay_cat_001361.jpg,5
cat/pixabay_cat_001362.jpg,7
cat/pixabay_cat_001363.jpg,7
cat/pixabay_cat_001364.jpg,5
cat/pixabay_cat_001366.jpg,7
cat/pixabay_cat_001368.jpg,5
cat/pixabay_cat_001369.jpg,5
cat/pixabay_cat_001370.jpg,7
cat/pixabay_cat_001372.jpg,7
cat/pixabay_cat_001373.jpg,1
cat/pixabay_cat_001374.jpg,5
cat/pixabay_cat_001375.jpg,7
cat/pixabay_cat_001376.jpg,5
cat/pixabay_cat_001377.jpg,5
cat/pixabay_cat_001378.jpg,5
cat/pixabay_cat_001379.jpg,5
cat/pixabay_cat_001380.jpg,7
cat/pixabay_cat_001381.jpg,5
cat/pixabay_cat_001382.jpg,7
cat/pixabay_cat_001383.jpg,1
cat/pixabay_cat_001384.jpg,5
cat/pixabay_cat_001386.jpg,5
cat/pixabay_cat_001387.jpg,1
cat/pixabay_cat_001388.jpg,7
cat/pixabay_cat_001389.jpg,7
cat/pixabay_cat_001391.jpg,5
cat/pixabay_cat_001392.jpg,7
cat/pixabay_cat_001393.jpg,1
cat/pixabay_cat_001394.jpg,1
cat/pixabay_cat_001395.jpg,7
cat/pixabay_cat_001396.jpg,5
cat/pixabay_cat_001397.jpg,7
cat/pixabay_cat_001398.jpg,5
cat/pixabay_cat_001399.jpg,5
cat/pixabay_cat_001400.jpg,5
cat/pixabay_cat_001401.jpg,1
cat/pixabay_cat_001402.jpg,7
cat/pixabay_cat_001403.jpg,5
cat/pixabay_cat_001404.jpg,7
cat/pixabay_cat_001406.jpg,7
cat/pixabay_cat_001407.jpg,7
cat/pixabay_cat_001408.jpg,1
cat/pixabay_cat_001409.jpg,7
cat/pixabay_cat_001410.jpg,7
cat/pixabay_cat_001411.jpg,7
cat/pixabay_cat_001412.jpg,7
cat/pixabay_cat_001413.jpg,7
cat/pixabay_cat_001414.jpg,7
cat/pixabay_cat_001415.jpg,5
cat/pixabay_cat_001416.jpg,1
cat/pixabay_cat_001417.jpg,1
cat/pixabay_cat_001418.jpg,5
cat/pixabay_cat_001419.jpg,1
cat/pixabay_cat_001420.jpg,7
cat/pixabay_cat_001421.jpg,5
cat/pixabay_cat_001422.jpg,7
cat/pixabay_cat_001423.jpg,1
cat/pixabay_cat_001424.jpg,7
cat/pixabay_cat_001425.jpg,1
cat/pixabay_cat_001426.jpg,5
cat/pixabay_cat_001427.jpg,7
cat/pixabay_cat_001428.jpg,7
cat/pixabay_cat_001429.jpg,1
cat/pixabay_cat_001430.jpg,7
cat/pixabay_cat_001431.jpg,1
cat/pixabay_cat_001432.jpg,1
cat/pixabay_cat_001433.jpg,7
cat/pixabay_cat_001434.jpg,7
cat/pixabay_cat_001435.jpg,7
cat/pixabay_cat_001436.jpg,1
cat/pixabay_cat_001438.jpg,7
cat/pixabay_cat_001439.jpg,5
cat/pixabay_cat_001440.jpg,5
cat/pixabay_cat_001441.jpg,5
cat/pixabay_cat_001442.jpg,1
cat/pixabay_cat_001443.jpg,5
cat/pixabay_cat_001444.jpg,5
cat/pixabay_cat_001445.jpg,5
cat/pixabay_cat_001446.jpg,1
cat/pixabay_cat_001447.jpg,7
cat/pixabay_cat_001448.jpg,5
cat/pixabay_cat_001449.jpg,7
cat/pixabay_cat_001450.jpg,5
cat/pixabay_cat_001451.jpg,1
cat/pixabay_cat_001452.jpg,5
cat/pixabay_cat_001453.jpg,1
cat/pixabay_cat_001454.jpg,2
cat/pixabay_cat_001456.jpg,7
cat/pixabay_cat_001458.jpg,5
cat/pixabay_cat_001459.jpg,7
cat/pixabay_cat_001461.jpg,7
cat/pixabay_cat_001462.jpg,5
cat/pixabay_cat_001463.jpg,7
cat/pixabay_cat_001466.jpg,1
cat/pixabay_cat_001467.jpg,5
cat/pixabay_cat_001468.jpg,7
cat/pixabay_cat_001469.jpg,5
cat/pixabay_cat_001470.jpg,1
cat/pixabay_cat_001471.jpg,1
cat/pixabay_cat_001472.jpg,7
cat/pixabay_cat_001473.jpg,1
cat/pixabay_cat_001474.jpg,5
cat/pixabay_cat_001475.jpg,5
cat/pixabay_cat_001476.jpg,7
cat/pixabay_cat_001477.jpg,7
cat/pixabay_cat_001478.jpg,7
cat/pixabay_cat_001480.jpg,1
cat/pixabay_cat_001481.jpg,1
cat/pixabay_cat_001482.jpg,7
cat/pixabay_cat_001483.jpg,5
cat/pixabay_cat_001484.jpg,5
cat/pixabay_cat_001485.jpg,5
cat/pixabay_cat_001486.jpg,5
cat/pixabay_cat_001487.jpg,7
cat/pixabay_cat_001488.jpg,5
cat/pixabay_cat_001489.jpg,5
cat/pixabay_cat_001490.jpg,5
cat/pixabay_cat_001491.jpg,1
cat/pixabay_cat_001492.jpg,5
cat/pixabay_cat_001493.jpg,7
cat/pixabay_cat_001494.jpg,5
cat/pixabay_cat_001495.jpg,1
cat/pixabay_cat_001496.jpg,7
cat/pixabay_cat_001497.jpg,5
cat/pixabay_cat_001498.jpg,5
cat/pixabay_cat_001499.jpg,1
cat/pixabay_cat_001500.jpg,1
cat/pixabay_cat_001501.jpg,5
cat/pixabay_cat_001502.jpg,5
cat/pixabay_cat_001504.jpg,5
cat/pixabay_cat_001505.jpg,7
cat/pixabay_cat_001506.jpg,7
cat/pixabay_cat_001507.jpg,7
cat/pixabay_cat_001508.jpg,7
cat/pixabay_cat_001509.jpg,5
cat/pixabay_cat_001510.jpg,1
cat/pixabay_cat_001511.jpg,7
cat/pixabay_cat_001512.jpg,0
cat/pixabay_cat_001513.jpg,5
cat/pixabay_cat_001514.jpg,7
cat/pixabay_cat_001515.jpg,1
cat/pixabay_cat_001516.jpg,7
cat/pixabay_cat_001517.jpg,5
cat/pixabay_cat_001518.jpg,5
cat/pixabay_cat_001519.jpg,5
cat/pixabay_cat_001520.jpg,7
cat/pixabay_cat_001521.jpg,1
cat/pixabay_cat_001522.jpg,1
cat/pixabay_cat_001523.jpg,5
cat/pixabay_cat_001524.jpg,7
cat/pixabay_cat_001525.jpg,5
cat/pixabay_cat_001526.jpg,5
cat/pixabay_cat_001527.jpg,7
cat/pixabay_cat_001528.jpg,1
cat/pixabay_cat_001529.jpg,5
cat/pixabay_cat_001530.jpg,1
cat/pixabay_cat_001531.jpg,7
cat/pixabay_cat_001532.jpg,7
cat/pixabay_cat_001533.jpg,7
cat/pixabay_cat_001534.jpg,7
cat/pixabay_cat_001535.jpg,1
cat/pixabay_cat_001537.jpg,7
cat/pixabay_cat_001538.jpg,7
cat/pixabay_cat_001539.jpg,1
cat/pixabay_cat_001540.jpg,5
cat/pixabay_cat_001541.jpg,7
cat/pixabay_cat_001542.jpg,1
cat/pixabay_cat_001543.jpg,7
cat/pixabay_cat_001544.jpg,5
cat/pixabay_cat_001545.jpg,7
cat/pixabay_cat_001546.jpg,5
cat/pixabay_cat_001547.jpg,1
cat/pixabay_cat_001548.jpg,7
cat/pixabay_cat_001549.jpg,7
cat/pixabay_cat_001550.jpg,1
cat/pixabay_cat_001551.jpg,7
cat/pixabay_cat_001552.jpg,7
cat/pixabay_cat_001553.jpg,5
cat/pixabay_cat_001554.jpg,7
cat/pixabay_cat_001555.jpg,1
cat/pixabay_cat_001556.jpg,1
cat/pixabay_cat_001557.jpg,1
cat/pixabay_cat_001558.jpg,7
cat/pixabay_cat_001559.jpg,7
cat/pixabay_cat_001560.jpg,5
cat/pixabay_cat_001561.jpg,1
cat/pixabay_cat_001563.jpg,7
cat/pixabay_cat_001564.jpg,7
cat/pixabay_cat_001565.jpg,1
cat/pixabay_cat_001566.jpg,7
cat/pixabay_cat_001567.jpg,5
cat/pixabay_cat_001568.jpg,5
cat/pixabay_cat_001569.jpg,5
cat/pixabay_cat_001570.jpg,1
cat/pixabay_cat_001571.jpg,5
cat/pixabay_cat_001572.jpg,5
cat/pixabay_cat_001573.jpg,7
cat/pixabay_cat_001574.jpg,5
cat/pixabay_cat_001575.jpg,5
cat/pixabay_cat_001576.jpg,1
cat/pixabay_cat_001577.jpg,1
cat/pixabay_cat_001578.jpg,5
cat/pixabay_cat_001579.jpg,7
cat/pixabay_cat_001580.jpg,5
cat/pixabay_cat_001581.jpg,7
cat/pixabay_cat_001582.jpg,5
cat/pixabay_cat_001583.jpg,7
cat/pixabay_cat_001584.jpg,5
cat/pixabay_cat_001585.jpg,7
cat/pixabay_cat_001586.jpg,5
cat/pixabay_cat_001587.jpg,1
cat/pixabay_cat_001588.jpg,1
cat/pixabay_cat_001589.jpg,1
cat/pixabay_cat_001590.jpg,7
cat/pixabay_cat_001591.jpg,5
cat/pixabay_cat_001592.jpg,7
cat/pixabay_cat_001593.jpg,7
cat/pixabay_cat_001594.jpg,7
cat/pixabay_cat_001595.jpg,7
cat/pixabay_cat_001596.jpg,7
cat/pixabay_cat_001597.jpg,7
cat/pixabay_cat_001598.jpg,7
cat/pixabay_cat_001600.jpg,5
cat/pixabay_cat_001601.jpg,7
cat/pixabay_cat_001602.jpg,7
cat/pixabay_cat_001603.jpg,5
cat/pixabay_cat_001604.jpg,7
cat/pixabay_cat_001605.jpg,5
cat/pixabay_cat_001606.jpg,7
cat/pixabay_cat_001608.jpg,5
cat/pixabay_cat_001609.jpg,5
cat/pixabay_cat_001610.jpg,7
cat/pixabay_cat_001611.jpg,7
cat/pixabay_cat_001613.jpg,7
cat/pixabay_cat_001614.jpg,7
cat/pixabay_cat_001615.jpg,1
cat/pixabay_cat_001616.jpg,7
cat/pixabay_cat_001617.jpg,7
cat/pixabay_cat_001618.jpg,1
cat/pixabay_cat_001619.jpg,5
cat/pixabay_cat_001620.jpg,5
cat/pixabay_cat_001621.jpg,1
cat/pixabay_cat_001622.jpg,1
cat/pixabay_cat_001623.jpg,5
cat/pixabay_cat_001624.jpg,5
cat/pixabay_cat_001625.jpg,5
cat/pixabay_cat_001626.jpg,5
cat/pixabay_cat_001627.jpg,1
cat/pixabay_cat_001628.jpg,1
cat/pixabay_cat_001629.jpg,5
cat/pixabay_cat_001630.jpg,5
cat/pixabay_cat_001631.jpg,7
cat/pixabay_cat_001633.jpg,7
cat/pixabay_cat_001634.jpg,5
cat/pixabay_cat_001636.jpg,7
cat/pixabay_cat_001637.jpg,5
cat/pixabay_cat_001638.jpg,7
cat/pixabay_cat_001639.jpg,5
cat/pixabay_cat_001640.jpg,7
cat/pixabay_cat_001641.jpg,5
cat/pixabay_cat_001642.jpg,5
cat/pixabay_cat_001644.jpg,7
cat/pixabay_cat_001645.jpg,7
cat/pixabay_cat_001646.jpg,7
cat/pixabay_cat_001647.jpg,7
cat/pixabay_cat_001648.jpg,1
cat/pixabay_cat_001649.jpg,1
cat/pixabay_cat_001650.jpg,1
cat/pixabay_cat_001651.jpg,7
cat/pixabay_cat_001652.jpg,7
cat/pixabay_cat_001654.jpg,7
cat/pixabay_cat_001655.jpg,1
cat/pixabay_cat_001656.jpg,5
cat/pixabay_cat_001657.jpg,7
cat/pixabay_cat_001658.jpg,1
cat/pixabay_cat_001659.jpg,7
cat/pixabay_cat_001660.jpg,1
cat/pixabay_cat_001661.jpg,7
cat/pixabay_cat_001662.jpg,7
cat/pixabay_cat_001663.jpg,1
cat/pixabay_cat_001664.jpg,1
cat/pixabay_cat_001666.jpg,5
cat/pixabay_cat_001667.jpg,5
cat/pixabay_cat_001668.jpg,5
cat/pixabay_cat_001669.jpg,7
cat/pixabay_cat_001670.jpg,7
cat/pixabay_cat_001671.jpg,7
cat/pixabay_cat_001673.jpg,7
cat/pixabay_cat_001674.jpg,5
cat/pixabay_cat_001675.jpg,1
cat/pixabay_cat_001676.jpg,1
cat/pixabay_cat_001677.jpg,7
cat/pixabay_cat_001678.jpg,7
cat/pixabay_cat_001679.jpg,7
cat/pixabay_cat_001680.jpg,5
cat/pixabay_cat_001681.jpg,7
cat/pixabay_cat_001682.jpg,7
cat/pixabay_cat_001683.jpg,7
cat/pixabay_cat_001684.jpg,7
cat/pixabay_cat_001685.jpg,7
cat/pixabay_cat_001686.jpg,5
cat/pixabay_cat_001688.jpg,1
cat/pixabay_cat_001689.jpg,7
cat/pixabay_cat_001691.jpg,5
cat/pixabay_cat_001692.jpg,5
cat/pixabay_cat_001693.jpg,7
cat/pixabay_cat_001694.jpg,7
cat/pixabay_cat_001695.jpg,1
cat/pixabay_cat_001696.jpg,1
cat/pixabay_cat_001697.jpg,1
cat/pixabay_cat_001698.jpg,5
cat/pixabay_cat_001700.jpg,1
cat/pixabay_cat_001701.jpg,1
cat/pixabay_cat_001702.jpg,7
cat/pixabay_cat_001703.jpg,5
cat/pixabay_cat_001704.jpg,7
cat/pixabay_cat_001705.jpg,5
cat/pixabay_cat_001706.jpg,7
cat/pixabay_cat_001707.jpg,7
cat/pixabay_cat_001708.jpg,5
cat/pixabay_cat_001709.jpg,7
cat/pixabay_cat_001710.jpg,7
cat/pixabay_cat_001711.jpg,5
cat/pixabay_cat_001712.jpg,5
cat/pixabay_cat_001713.jpg,7
cat/pixabay_cat_001714.jpg,7
cat/pixabay_cat_001715.jpg,1
cat/pixabay_cat_001716.jpg,2
cat/pixabay_cat_001717.jpg,5
cat/pixabay_cat_001718.jpg,1
cat/pixabay_cat_001719.jpg,5
cat/pixabay_cat_001720.jpg,7
cat/pixabay_cat_001721.jpg,5
cat/pixabay_cat_001722.jpg,7
cat/pixabay_cat_001723.jpg,5
cat/pixabay_cat_001725.jpg,7
cat/pixabay_cat_001726.jpg,0
cat/pixabay_cat_001728.jpg,7
cat/pixabay_cat_001730.jpg,7
cat/pixabay_cat_001731.jpg,1
cat/pixabay_cat_001732.jpg,7
cat/pixabay_cat_001733.jpg,7
cat/pixabay_cat_001734.jpg,5
cat/pixabay_cat_001735.jpg,5
cat/pixabay_cat_001736.jpg,7
cat/pixabay_cat_001737.jpg,1
cat/pixabay_cat_001738.jpg,1
cat/pixabay_cat_001739.jpg,5
cat/pixabay_cat_001740.jpg,5
cat/pixabay_cat_001741.jpg,5
cat/pixabay_cat_001742.jpg,5
cat/pixabay_cat_001743.jpg,1
cat/pixabay_cat_001744.jpg,1
cat/pixabay_cat_001745.jpg,7
cat/pixabay_cat_001746.jpg,7
cat/pixabay_cat_001747.jpg,5
cat/pixabay_cat_001748.jpg,5
cat/pixabay_cat_001749.jpg,7
cat/pixabay_cat_001750.jpg,5
cat/pixabay_cat_001751.jpg,7
cat/pixabay_cat_001752.jpg,7
cat/pixabay_cat_001753.jpg,7
cat/pixabay_cat_001754.jpg,7
cat/pixabay_cat_001755.jpg,1
cat/pixabay_cat_001756.jpg,1
cat/pixabay_cat_001757.jpg,5
cat/pixabay_cat_001758.jpg,5
cat/pixabay_cat_001759.jpg,7
cat/pixabay_cat_001760.jpg,5
cat/pixabay_cat_001761.jpg,1
cat/pixabay_cat_001762.jpg,7
cat/pixabay_cat_001763.jpg,7
cat/pixabay_cat_001764.jpg,1
cat/pixabay_cat_001765.jpg,1
cat/pixabay_cat_001766.jpg,1
cat/pixabay_cat_001767.jpg,7
cat/pixabay_cat_001768.jpg,1
cat/pixabay_cat_001769.jpg,1
cat/pixabay_cat_001770.jpg,7
cat/pixabay_cat_001771.jpg,5
cat/pixabay_cat_001772.jpg,1
cat/pixabay_cat_001773.jpg,5
cat/pixabay_cat_001774.jpg,7
cat/pixabay_cat_001775.jpg,5
cat/pixabay_cat_001776.jpg,7
cat/pixabay_cat_001777.jpg,5
cat/pixabay_cat_001778.jpg,1
cat/pixabay_cat_001779.jpg,5
cat/pixabay_cat_001780.jpg,7
cat/pixabay_cat_001781.jpg,7
cat/pixabay_cat_001782.jpg,1
cat/pixabay_cat_001783.jpg,1
cat/pixabay_cat_001784.jpg,7
cat/pixabay_cat_001785.jpg,5
cat/pixabay_cat_001787.jpg,5
cat/pixabay_cat_001788.jpg,1
cat/pixabay_cat_001789.jpg,5
cat/pixabay_cat_001790.jpg,1
cat/pixabay_cat_001791.jpg,5
cat/pixabay_cat_001792.jpg,7
cat/pixabay_cat_001793.jpg,5
cat/pixabay_cat_001794.jpg,5
cat/pixabay_cat_001795.jpg,5
cat/pixabay_cat_001796.jpg,5
cat/pixabay_cat_001797.jpg,5
cat/pixabay_cat_001798.jpg,1
cat/pixabay_cat_001799.jpg,5
cat/pixabay_cat_001800.jpg,1
cat/pixabay_cat_001801.jpg,5
cat/pixabay_cat_001802.jpg,1
cat/pixabay_cat_001803.jpg,7
cat/pixabay_cat_001804.jpg,5
cat/pixabay_cat_001805.jpg,1
cat/pixabay_cat_001806.jpg,1
cat/pixabay_cat_001807.jpg,7
cat/pixabay_cat_001808.jpg,5
cat/pixabay_cat_001809.jpg,1
cat/pixabay_cat_001810.jpg,5
cat/pixabay_cat_001812.jpg,5
cat/pixabay_cat_001813.jpg,5
cat/pixabay_cat_001814.jpg,7
cat/pixabay_cat_001815.jpg,5
cat/pixabay_cat_001816.jpg,5
cat/pixabay_cat_001817.jpg,1
cat/pixabay_cat_001818.jpg,7
cat/pixabay_cat_001819.jpg,7
cat/pixabay_cat_001820.jpg,7
cat/pixabay_cat_001821.jpg,7
cat/pixabay_cat_001822.jpg,5
cat/pixabay_cat_001823.jpg,5
cat/pixabay_cat_001824.jpg,1
cat/pixabay_cat_001825.jpg,5
cat/pixabay_cat_001826.jpg,7
cat/pixabay_cat_001827.jpg,7
cat/pixabay_cat_001828.jpg,7
cat/pixabay_cat_001829.jpg,5
cat/pixabay_cat_001830.jpg,5
cat/pixabay_cat_001831.jpg,7
cat/pixabay_cat_001832.jpg,5
cat/pixabay_cat_001833.jpg,1
cat/pixabay_cat_001834.jpg,7
cat/pixabay_cat_001835.jpg,5
cat/pixabay_cat_001836.jpg,7
cat/pixabay_cat_001837.jpg,7
cat/pixabay_cat_001838.jpg,7
cat/pixabay_cat_001839.jpg,7
cat/pixabay_cat_001840.jpg,7
cat/pixabay_cat_001841.jpg,7
cat/pixabay_cat_001842.jpg,7
cat/pixabay_cat_001843.jpg,7
cat/pixabay_cat_001844.jpg,5
cat/pixabay_cat_001845.jpg,7
cat/pixabay_cat_001846.jpg,5
cat/pixabay_cat_001847.jpg,1
cat/pixabay_cat_001848.jpg,1
cat/pixabay_cat_001849.jpg,5
cat/pixabay_cat_001850.jpg,7
cat/pixabay_cat_001851.jpg,7
cat/pixabay_cat_001852.jpg,7
cat/pixabay_cat_001853.jpg,7
cat/pixabay_cat_001854.jpg,1
cat/pixabay_cat_001855.jpg,5
cat/pixabay_cat_001856.jpg,7
cat/pixabay_cat_001857.jpg,7
cat/pixabay_cat_001858.jpg,7
cat/pixabay_cat_001859.jpg,7
cat/pixabay_cat_001861.jpg,7
cat/pixabay_cat_001862.jpg,7
cat/pixabay_cat_001863.jpg,5
cat/pixabay_cat_001864.jpg,7
cat/pixabay_cat_001865.jpg,1
cat/pixabay_cat_001866.jpg,5
cat/pixabay_cat_001867.jpg,7
cat/pixabay_cat_001868.jpg,7
cat/pixabay_cat_001869.jpg,5
cat/pixabay_cat_001870.jpg,1
cat/pixabay_cat_001871.jpg,7
cat/pixabay_cat_001872.jpg,7
cat/pixabay_cat_001873.jpg,7
cat/pixabay_cat_001874.jpg,5
cat/pixabay_cat_001875.jpg,7
cat/pixabay_cat_001876.jpg,7
cat/pixabay_cat_001877.jpg,7
cat/pixabay_cat_001878.jpg,5
cat/pixabay_cat_001879.jpg,7
cat/pixabay_cat_001880.jpg,5
cat/pixabay_cat_001881.jpg,5
cat/pixabay_cat_001882.jpg,7
cat/pixabay_cat_001883.jpg,7
cat/pixabay_cat_001884.jpg,1
cat/pixabay_cat_001885.jpg,7
cat/pixabay_cat_001886.jpg,5
cat/pixabay_cat_001887.jpg,1
cat/pixabay_cat_001888.jpg,7
cat/pixabay_cat_001889.jpg,7
cat/pixabay_cat_001890.jpg,7
cat/pixabay_cat_001892.jpg,1
cat/pixabay_cat_001893.jpg,5
cat/pixabay_cat_001894.jpg,7
cat/pixabay_cat_001895.jpg,1
cat/pixabay_cat_001896.jpg,1
cat/pixabay_cat_001897.jpg,7
cat/pixabay_cat_001898.jpg,5
cat/pixabay_cat_001899.jpg,7
cat/pixabay_cat_001900.jpg,1
cat/pixabay_cat_001901.jpg,7
cat/pixabay_cat_001902.jpg,5
cat/pixabay_cat_001903.jpg,5
cat/pixabay_cat_001904.jpg,5
cat/pixabay_cat_001905.jpg,5
cat/pixabay_cat_001906.jpg,5
cat/pixabay_cat_001907.jpg,7
cat/pixabay_cat_001908.jpg,5
cat/pixabay_cat_001909.jpg,7
cat/pixabay_cat_001910.jpg,5
cat/pixabay_cat_001911.jpg,1
cat/pixabay_cat_001912.jpg,7
cat/pixabay_cat_001913.jpg,1
cat/pixabay_cat_001914.jpg,7
cat/pixabay_cat_001915.jpg,7
cat/pixabay_cat_001916.jpg,1
cat/pixabay_cat_001918.jpg,7
cat/pixabay_cat_001919.jpg,7
cat/pixabay_cat_001920.jpg,7
cat/pixabay_cat_001921.jpg,5
cat/pixabay_cat_001922.jpg,7
cat/pixabay_cat_001923.jpg,5
cat/pixabay_cat_001924.jpg,1
cat/pixabay_cat_001925.jpg,7
cat/pixabay_cat_001926.jpg,5
cat/pixabay_cat_001927.jpg,7
cat/pixabay_cat_001928.jpg,7
cat/pixabay_cat_001929.jpg,1
cat/pixabay_cat_001930.jpg,7
cat/pixabay_cat_001931.jpg,5
cat/pixabay_cat_001932.jpg,5
cat/pixabay_cat_001933.jpg,1
cat/pixabay_cat_001934.jpg,1
cat/pixabay_cat_001935.jpg,5
cat/pixabay_cat_001936.jpg,7
cat/pixabay_cat_001937.jpg,1
cat/pixabay_cat_001939.jpg,5
cat/pixabay_cat_001940.jpg,5
cat/pixabay_cat_001941.jpg,7
cat/pixabay_cat_001942.jpg,7
cat/pixabay_cat_001943.jpg,7
cat/pixabay_cat_001944.jpg,5
cat/pixabay_cat_001945.jpg,1
cat/pixabay_cat_001946.jpg,7
cat/pixabay_cat_001947.jpg,1
cat/pixabay_cat_001948.jpg,7
cat/pixabay_cat_001949.jpg,7
cat/pixabay_cat_001950.jpg,7
cat/pixabay_cat_001952.jpg,7
cat/pixabay_cat_001953.jpg,5
cat/pixabay_cat_001954.jpg,5
cat/pixabay_cat_001955.jpg,1
cat/pixabay_cat_001956.jpg,1
cat/pixabay_cat_001957.jpg,7
cat/pixabay_cat_001958.jpg,1
cat/pixabay_cat_001959.jpg,7
cat/pixabay_cat_001960.jpg,5
cat/pixabay_cat_001961.jpg,7
cat/pixabay_cat_001962.jpg,7
cat/pixabay_cat_001963.jpg,5
cat/pixabay_cat_001964.jpg,7
cat/pixabay_cat_001965.jpg,7
cat/pixabay_cat_001966.jpg,1
cat/pixabay_cat_001967.jpg,5
cat/pixabay_cat_001968.jpg,5
cat/pixabay_cat_001969.jpg,7
cat/pixabay_cat_001970.jpg,7
cat/pixabay_cat_001971.jpg,1
cat/pixabay_cat_001972.jpg,7
cat/pixabay_cat_001973.jpg,5
cat/pixabay_cat_001975.jpg,5
cat/pixabay_cat_001976.jpg,7
cat/pixabay_cat_001977.jpg,7
cat/pixabay_cat_001978.jpg,5
cat/pixabay_cat_001979.jpg,7
cat/pixabay_cat_001980.jpg,1
cat/pixabay_cat_001981.jpg,7
cat/pixabay_cat_001982.jpg,5
cat/pixabay_cat_001983.jpg,1
cat/pixabay_cat_001984.jpg,7
cat/pixabay_cat_001986.jpg,7
cat/pixabay_cat_001987.jpg,7
cat/pixabay_cat_001988.jpg,1
cat/pixabay_cat_001989.jpg,1
cat/pixabay_cat_001990.jpg,7
cat/pixabay_cat_001991.jpg,7
cat/pixabay_cat_001993.jpg,1
cat/pixabay_cat_001994.jpg,5
cat/pixabay_cat_001995.jpg,7
cat/pixabay_cat_001998.jpg,1
cat/pixabay_cat_001999.jpg,7
cat/pixabay_cat_002000.jpg,1
cat/pixabay_cat_002001.jpg,5
cat/pixabay_cat_002002.jpg,1
cat/pixabay_cat_002003.jpg,7
cat/pixabay_cat_002004.jpg,7
cat/pixabay_cat_002005.jpg,1
cat/pixabay_cat_002006.jpg,1
cat/pixabay_cat_002007.jpg,1
cat/pixabay_cat_002008.jpg,7
cat/pixabay_cat_002010.jpg,5
cat/pixabay_cat_002011.jpg,7
cat/pixabay_cat_002012.jpg,5
cat/pixabay_cat_002013.jpg,7
cat/pixabay_cat_002014.jpg,7
cat/pixabay_cat_002015.jpg,7
cat/pixabay_cat_002016.jpg,7
cat/pixabay_cat_002017.jpg,1
cat/pixabay_cat_002018.jpg,7
cat/pixabay_cat_002019.jpg,5
cat/pixabay_cat_002020.jpg,7
cat/pixabay_cat_002021.jpg,7
cat/pixabay_cat_002022.jpg,7
cat/pixabay_cat_002023.jpg,7
cat/pixabay_cat_002024.jpg,5
cat/pixabay_cat_002025.jpg,7
cat/pixabay_cat_002026.jpg,5
cat/pixabay_cat_002027.jpg,7
cat/pixabay_cat_002028.jpg,5
cat/pixabay_cat_002029.jpg,5
cat/pixabay_cat_002030.jpg,7
cat/pixabay_cat_002031.jpg,1
cat/pixabay_cat_002032.jpg,5
cat/pixabay_cat_002033.jpg,7
cat/pixabay_cat_002034.jpg,5
cat/pixabay_cat_002035.jpg,5
cat/pixabay_cat_002036.jpg,5
cat/pixabay_cat_002038.jpg,5
cat/pixabay_cat_002039.jpg,7
cat/pixabay_cat_002040.jpg,5
cat/pixabay_cat_002041.jpg,7
cat/pixabay_cat_002042.jpg,5
cat/pixabay_cat_002043.jpg,5
cat/pixabay_cat_002044.jpg,5
cat/pixabay_cat_002045.jpg,7
cat/pixabay_cat_002046.jpg,1
cat/pixabay_cat_002047.jpg,7
cat/pixabay_cat_002048.jpg,7
cat/pixabay_cat_002049.jpg,1
cat/pixabay_cat_002050.jpg,7
cat/pixabay_cat_002051.jpg,5
cat/pixabay_cat_002052.jpg,5
cat/pixabay_cat_002053.jpg,5
cat/pixabay_cat_002054.jpg,7
cat/pixabay_cat_002055.jpg,7
cat/pixabay_cat_002056.jpg,5
cat/pixabay_cat_002057.jpg,5
cat/pixabay_cat_002058.jpg,5
cat/pixabay_cat_002059.jpg,7
cat/pixabay_cat_002060.jpg,7
cat/pixabay_cat_002061.jpg,1
cat/pixabay_cat_002062.jpg,7
cat/pixabay_cat_002063.jpg,1
cat/pixabay_cat_002065.jpg,7
cat/pixabay_cat_002066.jpg,1
cat/pixabay_cat_002067.jpg,7
cat/pixabay_cat_002068.jpg,1
cat/pixabay_cat_002069.jpg,5
cat/pixabay_cat_002070.jpg,7
cat/pixabay_cat_002071.jpg,5
cat/pixabay_cat_002072.jpg,5
cat/pixabay_cat_002073.jpg,1
cat/pixabay_cat_002074.jpg,5
cat/pixabay_cat_002076.jpg,5
cat/pixabay_cat_002077.jpg,5
cat/pixabay_cat_002078.jpg,5
cat/pixabay_cat_002079.jpg,7
cat/pixabay_cat_002080.jpg,5
cat/pixabay_cat_002082.jpg,5
cat/pixabay_cat_002083.jpg,1
cat/pixabay_cat_002084.jpg,1
cat/pixabay_cat_002085.jpg,5
cat/pixabay_cat_002086.jpg,1
cat/pixabay_cat_002087.jpg,5
cat/pixabay_cat_002088.jpg,5
cat/pixabay_cat_002089.jpg,7
cat/pixabay_cat_002091.jpg,1
cat/pixabay_cat_002092.jpg,7
cat/pixabay_cat_002093.jpg,7
cat/pixabay_cat_002094.jpg,5
cat/pixabay_cat_002095.jpg,7
cat/pixabay_cat_002096.jpg,7
cat/pixabay_cat_002097.jpg,7
cat/pixabay_cat_002098.jpg,1
cat/pixabay_cat_002099.jpg,7
cat/pixabay_cat_002100.jpg,1
cat/pixabay_cat_002101.jpg,7
cat/pixabay_cat_002102.jpg,1
cat/pixabay_cat_002103.jpg,5
cat/pixabay_cat_002104.jpg,7
cat/pixabay_cat_002105.jpg,1
cat/pixabay_cat_002106.jpg,1
cat/pixabay_cat_002107.jpg,5
cat/pixabay_cat_002108.jpg,1
cat/pixabay_cat_002109.jpg,5
cat/pixabay_cat_002110.jpg,5
cat/pixabay_cat_002111.jpg,1
cat/pixabay_cat_002112.jpg,5
cat/pixabay_cat_002113.jpg,5
cat/pixabay_cat_002114.jpg,7
cat/pixabay_cat_002115.jpg,1
cat/pixabay_cat_002116.jpg,7
cat/pixabay_cat_002118.jpg,5
cat/pixabay_cat_002119.jpg,7
cat/pixabay_cat_002120.jpg,5
cat/pixabay_cat_002121.jpg,1
cat/pixabay_cat_002122.jpg,7
cat/pixabay_cat_002123.jpg,7
cat/pixabay_cat_002124.jpg,1
cat/pixabay_cat_002125.jpg,5
cat/pixabay_cat_002127.jpg,5
cat/pixabay_cat_002128.jpg,5
cat/pixabay_cat_002130.jpg,1
cat/pixabay_cat_002131.jpg,7
cat/pixabay_cat_002132.jpg,5
cat/pixabay_cat_002134.jpg,5
cat/pixabay_cat_002135.jpg,5
cat/pixabay_cat_002136.jpg,7
cat/pixabay_cat_002137.jpg,7
cat/pixabay_cat_002139.jpg,5
cat/pixabay_cat_002141.jpg,0
cat/pixabay_cat_002142.jpg,7
cat/pixabay_cat_002143.jpg,1
cat/pixabay_cat_002144.jpg,7
cat/pixabay_cat_002145.jpg,7
cat/pixabay_cat_002146.jpg,1
cat/pixabay_cat_002147.jpg,1
cat/pixabay_cat_002148.jpg,5
cat/pixabay_cat_002150.jpg,5
cat/pixabay_cat_002151.jpg,7
cat/pixabay_cat_002152.jpg,5
cat/pixabay_cat_002153.jpg,5
cat/pixabay_cat_002154.jpg,5
cat/pixabay_cat_002157.jpg,5
cat/pixabay_cat_002158.jpg,7
cat/pixabay_cat_002159.jpg,7
cat/pixabay_cat_002160.jpg,1
cat/pixabay_cat_002161.jpg,1
cat/pixabay_cat_002162.jpg,7
cat/pixabay_cat_002163.jpg,5
cat/pixabay_cat_002164.jpg,7
cat/pixabay_cat_002165.jpg,5
cat/pixabay_cat_002166.jpg,5
cat/pixabay_cat_002167.jpg,5
cat/pixabay_cat_002168.jpg,5
cat/pixabay_cat_002169.jpg,7
cat/pixabay_cat_002170.jpg,7
cat/pixabay_cat_002171.jpg,7
cat/pixabay_cat_002172.jpg,7
cat/pixabay_cat_002173.jpg,5
cat/pixabay_cat_002174.jpg,1
cat/pixabay_cat_002175.jpg,7
cat/pixabay_cat_002176.jpg,5
cat/pixabay_cat_002177.jpg,1
cat/pixabay_cat_002178.jpg,1
cat/pixabay_cat_002179.jpg,7
cat/pixabay_cat_002180.jpg,5
cat/pixabay_cat_002181.jpg,5
cat/pixabay_cat_002182.jpg,7
cat/pixabay_cat_002183.jpg,7
cat/pixabay_cat_002185.jpg,5
cat/pixabay_cat_002186.jpg,1
cat/pixabay_cat_002187.jpg,1
cat/pixabay_cat_002188.jpg,1
cat/pixabay_cat_002189.jpg,1
cat/pixabay_cat_002190.jpg,7
cat/pixabay_cat_002191.jpg,1
cat/pixabay_cat_002192.jpg,5
cat/pixabay_cat_002193.jpg,1
cat/pixabay_cat_002194.jpg,5
cat/pixabay_cat_002195.jpg,7
cat/pixabay_cat_002196.jpg,7
cat/pixabay_cat_002197.jpg,5
cat/pixabay_cat_002199.jpg,1
cat/pixabay_cat_002200.jpg,1
cat/pixabay_cat_002202.jpg,7
cat/pixabay_cat_002203.jpg,5
cat/pixabay_cat_002204.jpg,7
cat/pixabay_cat_002206.jpg,7
cat/pixabay_cat_002207.jpg,5
cat/pixabay_cat_002208.jpg,5
cat/pixabay_cat_002209.jpg,5
cat/pixabay_cat_002210.jpg,5
cat/pixabay_cat_002211.jpg,7
cat/pixabay_cat_002213.jpg,5
cat/pixabay_cat_002214.jpg,5
cat/pixabay_cat_002215.jpg,5
cat/pixabay_cat_002216.jpg,5
cat/pixabay_cat_002217.jpg,5
cat/pixabay_cat_002218.jpg,7
cat/pixabay_cat_002219.jpg,7
cat/pixabay_cat_002220.jpg,5
cat/pixabay_cat_002221.jpg,1
cat/pixabay_cat_002222.jpg,1
cat/pixabay_cat_002223.jpg,7
cat/pixabay_cat_002224.jpg,7
cat/pixabay_cat_002225.jpg,5
cat/pixabay_cat_002226.jpg,5
cat/pixabay_cat_002227.jpg,5
cat/pixabay_cat_002228.jpg,7
cat/pixabay_cat_002229.jpg,7
cat/pixabay_cat_002230.jpg,1
cat/pixabay_cat_002231.jpg,7
cat/pixabay_cat_002233.jpg,5
cat/pixabay_cat_002234.jpg,1
cat/pixabay_cat_002235.jpg,1
cat/pixabay_cat_002236.jpg,5
cat/pixabay_cat_002237.jpg,5
cat/pixabay_cat_002238.jpg,7
cat/pixabay_cat_002239.jpg,5
cat/pixabay_cat_002240.jpg,7
cat/pixabay_cat_002242.jpg,5
cat/pixabay_cat_002243.jpg,5
cat/pixabay_cat_002244.jpg,5
cat/pixabay_cat_002245.jpg,5
cat/pixabay_cat_002246.jpg,7
cat/pixabay_cat_002247.jpg,7
cat/pixabay_cat_002248.jpg,5
cat/pixabay_cat_002249.jpg,7
cat/pixabay_cat_002250.jpg,5
cat/pixabay_cat_002251.jpg,5
cat/pixabay_cat_002252.jpg,1
cat/pixabay_cat_002253.jpg,5
cat/pixabay_cat_002254.jpg,7
cat/pixabay_cat_002255.jpg,5
cat/pixabay_cat_002257.jpg,7
cat/pixabay_cat_002258.jpg,1
cat/pixabay_cat_002259.jpg,7
cat/pixabay_cat_002260.jpg,1
cat/pixabay_cat_002261.jpg,1
cat/pixabay_cat_002262.jpg,7
cat/pixabay_cat_002263.jpg,5
cat/pixabay_cat_002264.jpg,5
cat/pixabay_cat_002265.jpg,7
cat/pixabay_cat_002266.jpg,7
cat/pixabay_cat_002268.jpg,1
cat/pixabay_cat_002270.jpg,5
cat/pixabay_cat_002271.jpg,5
cat/pixabay_cat_002272.jpg,7
cat/pixabay_cat_002273.jpg,5
cat/pixabay_cat_002274.jpg,7
cat/pixabay_cat_002275.jpg,5
cat/pixabay_cat_002276.jpg,7
cat/pixabay_cat_002277.jpg,7
cat/pixabay_cat_002278.jpg,7
cat/pixabay_cat_002279.jpg,7
cat/pixabay_cat_002280.jpg,1
cat/pixabay_cat_002281.jpg,5
cat/pixabay_cat_002282.jpg,7
cat/pixabay_cat_002283.jpg,1
cat/pixabay_cat_002284.jpg,1
cat/pixabay_cat_002285.jpg,7
cat/pixabay_cat_002286.jpg,7
cat/pixabay_cat_002287.jpg,5
cat/pixabay_cat_002288.jpg,5
cat/pixabay_cat_002289.jpg,1
cat/pixabay_cat_002290.jpg,5
cat/pixabay_cat_002291.jpg,7
cat/pixabay_cat_002292.jpg,5
cat/pixabay_cat_002293.jpg,7
cat/pixabay_cat_002294.jpg,7
cat/pixabay_cat_002295.jpg,5
cat/pixabay_cat_002296.jpg,7
cat/pixabay_cat_002297.jpg,5
cat/pixabay_cat_002299.jpg,7
cat/pixabay_cat_002300.jpg,1
cat/pixabay_cat_002301.jpg,1
cat/pixabay_cat_002302.jpg,1
cat/pixabay_cat_002303.jpg,5
cat/pixabay_cat_002304.jpg,1
cat/pixabay_cat_002305.jpg,5
cat/pixabay_cat_002306.jpg,7
cat/pixabay_cat_002308.jpg,1
cat/pixabay_cat_002309.jpg,1
cat/pixabay_cat_002311.jpg,7
cat/pixabay_cat_002312.jpg,1
cat/pixabay_cat_002313.jpg,5
cat/pixabay_cat_002314.jpg,1
cat/pixabay_cat_002315.jpg,7
cat/pixabay_cat_002317.jpg,1
cat/pixabay_cat_002318.jpg,5
cat/pixabay_cat_002319.jpg,1
cat/pixabay_cat_002320.jpg,1
cat/pixabay_cat_002321.jpg,1
cat/pixabay_cat_002322.jpg,1
cat/pixabay_cat_002323.jpg,5
cat/pixabay_cat_002324.jpg,5
cat/pixabay_cat_002325.jpg,5
cat/pixabay_cat_002326.jpg,5
cat/pixabay_cat_002327.jpg,5
cat/pixabay_cat_002328.jpg,7
cat/pixabay_cat_002329.jpg,1
cat/pixabay_cat_002330.jpg,1
cat/pixabay_cat_002331.jpg,5
cat/pixabay_cat_002332.jpg,5
cat/pixabay_cat_002333.jpg,5
cat/pixabay_cat_002334.jpg,7
cat/pixabay_cat_002335.jpg,7
cat/pixabay_cat_002336.jpg,1
cat/pixabay_cat_002337.jpg,5
cat/pixabay_cat_002339.jpg,5
cat/pixabay_cat_002340.jpg,5
cat/pixabay_cat_002342.jpg,7
cat/pixabay_cat_002343.jpg,5
cat/pixabay_cat_002344.jpg,7
cat/pixabay_cat_002345.jpg,7
cat/pixabay_cat_002346.jpg,5
cat/pixabay_cat_002348.jpg,5
cat/pixabay_cat_002349.jpg,7
cat/pixabay_cat_002350.jpg,1
cat/pixabay_cat_002351.jpg,1
cat/pixabay_cat_002352.jpg,5
cat/pixabay_cat_002353.jpg,5
cat/pixabay_cat_002354.jpg,1
cat/pixabay_cat_002355.jpg,7
cat/pixabay_cat_002356.jpg,5
cat/pixabay_cat_002357.jpg,7
cat/pixabay_cat_002358.jpg,1
cat/pixabay_cat_002359.jpg,7
cat/pixabay_cat_002360.jpg,5
cat/pixabay_cat_002361.jpg,5
cat/pixabay_cat_002362.jpg,5
cat/pixabay_cat_002363.jpg,5
cat/pixabay_cat_002364.jpg,7
cat/pixabay_cat_002365.jpg,7
cat/pixabay_cat_002366.jpg,7
cat/pixabay_cat_002367.jpg,5
cat/pixabay_cat_002368.jpg,5
cat/pixabay_cat_002369.jpg,1
cat/pixabay_cat_002370.jpg,5
cat/pixabay_cat_002371.jpg,5
cat/pixabay_cat_002372.jpg,5
cat/pixabay_cat_002373.jpg,1
cat/pixabay_cat_002374.jpg,7
cat/pixabay_cat_002375.jpg,5
cat/pixabay_cat_002376.jpg,7
cat/pixabay_cat_002377.jpg,1
cat/pixabay_cat_002378.jpg,7
cat/pixabay_cat_002380.jpg,7
cat/pixabay_cat_002381.jpg,7
cat/pixabay_cat_002382.jpg,5
cat/pixabay_cat_002383.jpg,7
cat/pixabay_cat_002384.jpg,1
cat/pixabay_cat_002385.jpg,1
cat/pixabay_cat_002386.jpg,5
cat/pixabay_cat_002387.jpg,1
cat/pixabay_cat_002388.jpg,7
cat/pixabay_cat_002389.jpg,7
cat/pixabay_cat_002390.jpg,5
cat/pixabay_cat_002391.jpg,5
cat/pixabay_cat_002392.jpg,5
cat/pixabay_cat_002393.jpg,5
cat/pixabay_cat_002394.jpg,7
cat/pixabay_cat_002395.jpg,7
cat/pixabay_cat_002396.jpg,7
cat/pixabay_cat_002397.jpg,7
cat/pixabay_cat_002399.jpg,5
cat/pixabay_cat_002400.jpg,1
cat/pixabay_cat_002401.jpg,7
cat/pixabay_cat_002402.jpg,5
cat/pixabay_cat_002403.jpg,5
cat/pixabay_cat_002404.jpg,1
cat/pixabay_cat_002405.jpg,7
cat/pixabay_cat_002406.jpg,5
cat/pixabay_cat_002407.jpg,1
cat/pixabay_cat_002408.jpg,7
cat/pixabay_cat_002409.jpg,7
cat/pixabay_cat_002411.jpg,5
cat/pixabay_cat_002412.jpg,7
cat/pixabay_cat_002413.jpg,5
cat/pixabay_cat_002414.jpg,7
cat/pixabay_cat_002415.jpg,7
cat/pixabay_cat_002416.jpg,5
cat/pixabay_cat_002417.jpg,5
cat/pixabay_cat_002418.jpg,1
cat/pixabay_cat_002419.jpg,5
cat/pixabay_cat_002420.jpg,5
cat/pixabay_cat_002421.jpg,5
cat/pixabay_cat_002422.jpg,7
cat/pixabay_cat_002423.jpg,7
cat/pixabay_cat_002424.jpg,1
cat/pixabay_cat_002425.jpg,7
cat/pixabay_cat_002426.jpg,7
cat/pixabay_cat_002427.jpg,5
cat/pixabay_cat_002428.jpg,1
cat/pixabay_cat_002429.jpg,7
cat/pixabay_cat_002430.jpg,1
cat/pixabay_cat_002431.jpg,7
cat/pixabay_cat_002432.jpg,1
cat/pixabay_cat_002433.jpg,5
cat/pixabay_cat_002434.jpg,5
cat/pixabay_cat_002436.jpg,5
cat/pixabay_cat_002437.jpg,7
cat/pixabay_cat_002439.jpg,1
cat/pixabay_cat_002440.jpg,5
cat/pixabay_cat_002442.jpg,7
cat/pixabay_cat_002443.jpg,5
cat/pixabay_cat_002444.jpg,7
cat/pixabay_cat_002445.jpg,7
cat/pixabay_cat_002446.jpg,1
cat/pixabay_cat_002447.jpg,1
cat/pixabay_cat_002448.jpg,1
cat/pixabay_cat_002449.jpg,5
cat/pixabay_cat_002450.jpg,1
cat/pixabay_cat_002451.jpg,7
cat/pixabay_cat_002453.jpg,7
cat/pixabay_cat_002454.jpg,5
cat/pixabay_cat_002455.jpg,7
cat/pixabay_cat_002456.jpg,1
cat/pixabay_cat_002457.jpg,7
cat/pixabay_cat_002458.jpg,7
cat/pixabay_cat_002459.jpg,5
cat/pixabay_cat_002460.jpg,7
cat/pixabay_cat_002461.jpg,5
cat/pixabay_cat_002463.jpg,7
cat/pixabay_cat_002465.jpg,5
cat/pixabay_cat_002466.jpg,1
cat/pixabay_cat_002468.jpg,7
cat/pixabay_cat_002469.jpg,7
cat/pixabay_cat_002470.jpg,5
cat/pixabay_cat_002471.jpg,7
cat/pixabay_cat_002473.jpg,5
cat/pixabay_cat_002474.jpg,1
cat/pixabay_cat_002475.jpg,7
cat/pixabay_cat_002476.jpg,5
cat/pixabay_cat_002477.jpg,1
cat/pixabay_cat_002478.jpg,5
cat/pixabay_cat_002479.jpg,5
cat/pixabay_cat_002480.jpg,7
cat/pixabay_cat_002481.jpg,7
cat/pixabay_cat_002482.jpg,5
cat/pixabay_cat_002483.jpg,7
cat/pixabay_cat_002484.jpg,7
cat/pixabay_cat_002485.jpg,1
cat/pixabay_cat_002486.jpg,7
cat/pixabay_cat_002487.jpg,5
cat/pixabay_cat_002489.jpg,7
cat/pixabay_cat_002490.jpg,7
cat/pixabay_cat_002491.jpg,1
cat/pixabay_cat_002492.jpg,7
cat/pixabay_cat_002493.jpg,7
cat/pixabay_cat_002494.jpg,7
cat/pixabay_cat_002495.jpg,7
cat/pixabay_cat_002496.jpg,7
cat/pixabay_cat_002497.jpg,1
cat/pixabay_cat_002498.jpg,5
cat/pixabay_cat_002499.jpg,1
cat/pixabay_cat_002500.jpg,7
cat/pixabay_cat_002501.jpg,5
cat/pixabay_cat_002502.jpg,5
cat/pixabay_cat_002503.jpg,5
cat/pixabay_cat_002504.jpg,7
cat/pixabay_cat_002505.jpg,1
cat/pixabay_cat_002506.jpg,1
cat/pixabay_cat_002507.jpg,7
cat/pixabay_cat_002508.jpg,7
cat/pixabay_cat_002509.jpg,7
cat/pixabay_cat_002511.jpg,7
cat/pixabay_cat_002512.jpg,1
cat/pixabay_cat_002513.jpg,7
cat/pixabay_cat_002514.jpg,7
cat/pixabay_cat_002515.jpg,5
cat/pixabay_cat_002516.jpg,5
cat/pixabay_cat_002517.jpg,7
cat/pixabay_cat_002518.jpg,1
cat/pixabay_cat_002519.jpg,5
cat/pixabay_cat_002520.jpg,7
cat/pixabay_cat_002521.jpg,7
cat/pixabay_cat_002522.jpg,5
cat/pixabay_cat_002523.jpg,7
cat/pixabay_cat_002524.jpg,1
cat/pixabay_cat_002525.jpg,5
cat/pixabay_cat_002526.jpg,7
cat/pixabay_cat_002527.jpg,7
cat/pixabay_cat_002528.jpg,7
cat/pixabay_cat_002529.jpg,5
cat/pixabay_cat_002530.jpg,5
cat/pixabay_cat_002531.jpg,1
cat/pixabay_cat_002532.jpg,5
cat/pixabay_cat_002533.jpg,1
cat/pixabay_cat_002534.jpg,7
cat/pixabay_cat_002535.jpg,1
cat/pixabay_cat_002536.jpg,5
cat/pixabay_cat_002537.jpg,7
cat/pixabay_cat_002538.jpg,7
cat/pixabay_cat_002539.jpg,7
cat/pixabay_cat_002540.jpg,7
cat/pixabay_cat_002541.jpg,1
cat/pixabay_cat_002542.jpg,5
cat/pixabay_cat_002544.jpg,1
cat/pixabay_cat_002545.jpg,1
cat/pixabay_cat_002546.jpg,5
cat/pixabay_cat_002547.jpg,1
cat/pixabay_cat_002548.jpg,7
cat/pixabay_cat_002549.jpg,7
cat/pixabay_cat_002550.jpg,1
cat/pixabay_cat_002551.jpg,7
cat/pixabay_cat_002553.jpg,5
cat/pixabay_cat_002554.jpg,1
cat/pixabay_cat_002555.jpg,1
cat/pixabay_cat_002556.jpg,5
cat/pixabay_cat_002557.jpg,7
cat/pixabay_cat_002558.jpg,7
cat/pixabay_cat_002560.jpg,5
cat/pixabay_cat_002561.jpg,7
cat/pixabay_cat_002562.jpg,7
cat/pixabay_cat_002563.jpg,7
cat/pixabay_cat_002564.jpg,1
cat/pixabay_cat_002565.jpg,7
cat/pixabay_cat_002566.jpg,5
cat/pixabay_cat_002567.jpg,7
cat/pixabay_cat_002568.jpg,5
cat/pixabay_cat_002569.jpg,5
cat/pixabay_cat_002570.jpg,7
cat/pixabay_cat_002571.jpg,7
cat/pixabay_cat_002572.jpg,7
cat/pixabay_cat_002573.jpg,7
cat/pixabay_cat_002574.jpg,7
cat/pixabay_cat_002575.jpg,5
cat/pixabay_cat_002576.jpg,5
cat/pixabay_cat_002577.jpg,5
cat/pixabay_cat_002578.jpg,1
cat/pixabay_cat_002579.jpg,7
cat/pixabay_cat_002580.jpg,5
cat/pixabay_cat_002581.jpg,1
cat/pixabay_cat_002583.jpg,5
cat/pixabay_cat_002584.jpg,1
cat/pixabay_cat_002585.jpg,7
cat/pixabay_cat_002586.jpg,5
cat/pixabay_cat_002587.jpg,5
cat/pixabay_cat_002588.jpg,7
cat/pixabay_cat_002589.jpg,1
cat/pixabay_cat_002590.jpg,7
cat/pixabay_cat_002591.jpg,1
cat/pixabay_cat_002592.jpg,7
cat/pixabay_cat_002593.jpg,1
cat/pixabay_cat_002594.jpg,5
cat/pixabay_cat_002595.jpg,1
cat/pixabay_cat_002596.jpg,1
cat/pixabay_cat_002597.jpg,7
cat/pixabay_cat_002598.jpg,5
cat/pixabay_cat_002599.jpg,7
cat/pixabay_cat_002600.jpg,1
cat/pixabay_cat_002601.jpg,1
cat/pixabay_cat_002602.jpg,7
cat/pixabay_cat_002603.jpg,5
cat/pixabay_cat_002604.jpg,7
cat/pixabay_cat_002605.jpg,7
cat/pixabay_cat_002606.jpg,7
cat/pixabay_cat_002607.jpg,5
cat/pixabay_cat_002608.jpg,5
cat/pixabay_cat_002609.jpg,7
cat/pixabay_cat_002610.jpg,5
cat/pixabay_cat_002611.jpg,1
cat/pixabay_cat_002612.jpg,5
cat/pixabay_cat_002613.jpg,1
cat/pixabay_cat_002614.jpg,5
cat/pixabay_cat_002615.jpg,7
cat/pixabay_cat_002616.jpg,7
cat/pixabay_cat_002617.jpg,5
cat/pixabay_cat_002618.jpg,7
cat/pixabay_cat_002619.jpg,7
cat/pixabay_cat_002620.jpg,7
cat/pixabay_cat_002621.jpg,7
cat/pixabay_cat_002622.jpg,7
cat/pixabay_cat_002623.jpg,5
cat/pixabay_cat_002624.jpg,1
cat/pixabay_cat_002625.jpg,7
cat/pixabay_cat_002626.jpg,1
cat/pixabay_cat_002627.jpg,7
cat/pixabay_cat_002628.jpg,1
cat/pixabay_cat_002629.jpg,7
cat/pixabay_cat_002630.jpg,5
cat/pixabay_cat_002631.jpg,7
cat/pixabay_cat_002632.jpg,7
cat/pixabay_cat_002633.jpg,5
cat/pixabay_cat_002634.jpg,7
cat/pixabay_cat_002635.jpg,5
cat/pixabay_cat_002636.jpg,5
cat/pixabay_cat_002637.jpg,5
cat/pixabay_cat_002638.jpg,1
cat/pixabay_cat_002639.jpg,7
cat/pixabay_cat_002641.jpg,1
cat/pixabay_cat_002642.jpg,1
cat/pixabay_cat_002643.jpg,5
cat/pixabay_cat_002644.jpg,1
cat/pixabay_cat_002645.jpg,7
cat/pixabay_cat_002646.jpg,7
cat/pixabay_cat_002647.jpg,5
cat/pixabay_cat_002648.jpg,1
cat/pixabay_cat_002649.jpg,7
cat/pixabay_cat_002651.jpg,1
cat/pixabay_cat_002652.jpg,7
cat/pixabay_cat_002653.jpg,5
cat/pixabay_cat_002654.jpg,5
cat/pixabay_cat_002655.jpg,5
cat/pixabay_cat_002656.jpg,7
cat/pixabay_cat_002657.jpg,7
cat/pixabay_cat_002658.jpg,1
cat/pixabay_cat_002659.jpg,1
cat/pixabay_cat_002660.jpg,7
cat/pixabay_cat_002663.jpg,1
cat/pixabay_cat_002664.jpg,5
cat/pixabay_cat_002665.jpg,7
cat/pixabay_cat_002666.jpg,1
cat/pixabay_cat_002667.jpg,7
cat/pixabay_cat_002668.jpg,5
cat/pixabay_cat_002669.jpg,1
cat/pixabay_cat_002670.jpg,1
cat/pixabay_cat_002671.jpg,7
cat/pixabay_cat_002672.jpg,1
cat/pixabay_cat_002673.jpg,7
cat/pixabay_cat_002674.jpg,7
cat/pixabay_cat_002675.jpg,1
cat/pixabay_cat_002676.jpg,7
cat/pixabay_cat_002677.jpg,7
cat/pixabay_cat_002678.jpg,5
cat/pixabay_cat_002679.jpg,1
cat/pixabay_cat_002680.jpg,5
cat/pixabay_cat_002681.jpg,1
cat/pixabay_cat_002682.jpg,1
cat/pixabay_cat_002683.jpg,7
cat/pixabay_cat_002684.jpg,5
cat/pixabay_cat_002685.jpg,5
cat/pixabay_cat_002687.jpg,1
cat/pixabay_cat_002688.jpg,5
cat/pixabay_cat_002689.jpg,5
cat/pixabay_cat_002690.jpg,5
cat/pixabay_cat_002691.jpg,7
cat/pixabay_cat_002692.jpg,7
cat/pixabay_cat_002693.jpg,1
cat/pixabay_cat_002695.jpg,7
cat/pixabay_cat_002697.jpg,5
cat/pixabay_cat_002698.jpg,7
cat/pixabay_cat_002699.jpg,5
cat/pixabay_cat_002700.jpg,5
cat/pixabay_cat_002701.jpg,7
cat/pixabay_cat_002703.jpg,1
cat/pixabay_cat_002704.jpg,1
cat/pixabay_cat_002705.jpg,7
cat/pixabay_cat_002706.jpg,1
cat/pixabay_cat_002707.jpg,5
cat/pixabay_cat_002708.jpg,5
cat/pixabay_cat_002709.jpg,7
cat/pixabay_cat_002710.jpg,1
cat/pixabay_cat_002711.jpg,1
cat/pixabay_cat_002713.jpg,1
cat/pixabay_cat_002714.jpg,5
cat/pixabay_cat_002715.jpg,5
cat/pixabay_cat_002716.jpg,5
cat/pixabay_cat_002717.jpg,5
cat/pixabay_cat_002718.jpg,5
cat/pixabay_cat_002719.jpg,5
cat/pixabay_cat_002720.jpg,7
cat/pixabay_cat_002721.jpg,7
cat/pixabay_cat_002722.jpg,5
cat/pixabay_cat_002723.jpg,7
cat/pixabay_cat_002725.jpg,7
cat/pixabay_cat_002726.jpg,1
cat/pixabay_cat_002727.jpg,7
cat/pixabay_cat_002728.jpg,7
cat/pixabay_cat_002729.jpg,5
cat/pixabay_cat_002730.jpg,5
cat/pixabay_cat_002731.jpg,5
cat/pixabay_cat_002732.jpg,5
cat/pixabay_cat_002733.jpg,5
cat/pixabay_cat_002734.jpg,1
cat/pixabay_cat_002735.jpg,7
cat/pixabay_cat_002736.jpg,5
cat/pixabay_cat_002737.jpg,7
cat/pixabay_cat_002738.jpg,1
cat/pixabay_cat_002739.jpg,5
cat/pixabay_cat_002740.jpg,1
cat/pixabay_cat_002741.jpg,7
cat/pixabay_cat_002742.jpg,7
cat/pixabay_cat_002743.jpg,7
cat/pixabay_cat_002744.jpg,5
cat/pixabay_cat_002745.jpg,1
cat/pixabay_cat_002746.jpg,7
cat/pixabay_cat_002747.jpg,1
cat/pixabay_cat_002748.jpg,1
cat/pixabay_cat_002750.jpg,1
cat/pixabay_cat_002751.jpg,5
cat/pixabay_cat_002752.jpg,7
cat/pixabay_cat_002753.jpg,5
cat/pixabay_cat_002754.jpg,1
cat/pixabay_cat_002755.jpg,7
cat/pixabay_cat_002756.jpg,7
cat/pixabay_cat_002757.jpg,5
cat/pixabay_cat_002758.jpg,5
cat/pixabay_cat_002759.jpg,5
cat/pixabay_cat_002760.jpg,1
cat/pixabay_cat_002761.jpg,1
cat/pixabay_cat_002762.jpg,7
cat/pixabay_cat_002763.jpg,7
cat/pixabay_cat_002764.jpg,1
cat/pixabay_cat_002765.jpg,7
cat/pixabay_cat_002766.jpg,1
cat/pixabay_cat_002767.jpg,7
cat/pixabay_cat_002768.jpg,1
cat/pixabay_cat_002769.jpg,5
cat/pixabay_cat_002770.jpg,1
cat/pixabay_cat_002771.jpg,7
cat/pixabay_cat_002772.jpg,5
cat/pixabay_cat_002774.jpg,7
cat/pixabay_cat_002775.jpg,7
cat/pixabay_cat_002777.jpg,7
cat/pixabay_cat_002778.jpg,1
cat/pixabay_cat_002779.jpg,7
cat/pixabay_cat_002780.jpg,2
cat/pixabay_cat_002781.jpg,5
cat/pixabay_cat_002782.jpg,1
cat/pixabay_cat_002783.jpg,5
cat/pixabay_cat_002784.jpg,1
cat/pixabay_cat_002785.jpg,5
cat/pixabay_cat_002786.jpg,5
cat/pixabay_cat_002787.jpg,7
cat/pixabay_cat_002788.jpg,7
cat/pixabay_cat_002789.jpg,5
cat/pixabay_cat_002790.jpg,5
cat/pixabay_cat_002791.jpg,7
cat/pixabay_cat_002792.jpg,5
cat/pixabay_cat_002793.jpg,5
cat/pixabay_cat_002794.jpg,5
cat/pixabay_cat_002795.jpg,5
cat/pixabay_cat_002796.jpg,5
cat/pixabay_cat_002797.jpg,5
cat/pixabay_cat_002799.jpg,1
cat/pixabay_cat_002800.jpg,5
cat/pixabay_cat_002801.jpg,7
cat/pixabay_cat_002802.jpg,5
cat/pixabay_cat_002803.jpg,1
cat/pixabay_cat_002804.jpg,5
cat/pixabay_cat_002805.jpg,1
cat/pixabay_cat_002806.jpg,1
cat/pixabay_cat_002808.jpg,5
cat/pixabay_cat_002809.jpg,5
cat/pixabay_cat_002810.jpg,5
cat/pixabay_cat_002811.jpg,5
cat/pixabay_cat_002812.jpg,7
cat/pixabay_cat_002813.jpg,7
cat/pixabay_cat_002814.jpg,5
cat/pixabay_cat_002815.jpg,7
cat/pixabay_cat_002816.jpg,5
cat/pixabay_cat_002817.jpg,5
cat/pixabay_cat_002818.jpg,1
cat/pixabay_cat_002819.jpg,7
cat/pixabay_cat_002820.jpg,5
cat/pixabay_cat_002821.jpg,7
cat/pixabay_cat_002822.jpg,7
cat/pixabay_cat_002824.jpg,5
cat/pixabay_cat_002825.jpg,5
cat/pixabay_cat_002826.jpg,5
cat/pixabay_cat_002827.jpg,1
cat/pixabay_cat_002828.jpg,7
cat/pixabay_cat_002829.jpg,5
cat/pixabay_cat_002830.jpg,7
cat/pixabay_cat_002832.jpg,5
cat/pixabay_cat_002833.jpg,1
cat/pixabay_cat_002834.jpg,1
cat/pixabay_cat_002835.jpg,5
cat/pixabay_cat_002836.jpg,5
cat/pixabay_cat_002837.jpg,5
cat/pixabay_cat_002838.jpg,7
cat/pixabay_cat_002840.jpg,7
cat/pixabay_cat_002841.jpg,5
cat/pixabay_cat_002842.jpg,1
cat/pixabay_cat_002843.jpg,7
cat/pixabay_cat_002844.jpg,7
cat/pixabay_cat_002845.jpg,1
cat/pixabay_cat_002846.jpg,5
cat/pixabay_cat_002847.jpg,5
cat/pixabay_cat_002848.jpg,7
cat/pixabay_cat_002849.jpg,7
cat/pixabay_cat_002850.jpg,7
cat/pixabay_cat_002851.jpg,7
cat/pixabay_cat_002852.jpg,5
cat/pixabay_cat_002853.jpg,1
cat/pixabay_cat_002854.jpg,1
cat/pixabay_cat_002855.jpg,1
cat/pixabay_cat_002856.jpg,7
cat/pixabay_cat_002857.jpg,7
cat/pixabay_cat_002858.jpg,7
cat/pixabay_cat_002859.jpg,1
cat/pixabay_cat_002861.jpg,1
cat/pixabay_cat_002863.jpg,5
cat/pixabay_cat_002864.jpg,1
cat/pixabay_cat_002866.jpg,7
cat/pixabay_cat_002867.jpg,1
cat/pixabay_cat_002868.jpg,5
cat/pixabay_cat_002869.jpg,7
cat/pixabay_cat_002870.jpg,7
cat/pixabay_cat_002872.jpg,1
cat/pixabay_cat_002874.jpg,1
cat/pixabay_cat_002875.jpg,5
cat/pixabay_cat_002876.jpg,5
cat/pixabay_cat_002877.jpg,5
cat/pixabay_cat_002878.jpg,7
cat/pixabay_cat_002879.jpg,7
cat/pixabay_cat_002880.jpg,1
cat/pixabay_cat_002881.jpg,1
cat/pixabay_cat_002882.jpg,7
cat/pixabay_cat_002884.jpg,5
cat/pixabay_cat_002885.jpg,5
cat/pixabay_cat_002886.jpg,5
cat/pixabay_cat_002887.jpg,7
cat/pixabay_cat_002888.jpg,5
cat/pixabay_cat_002889.jpg,5
cat/pixabay_cat_002891.jpg,5
cat/pixabay_cat_002892.jpg,5
cat/pixabay_cat_002893.jpg,7
cat/pixabay_cat_002894.jpg,5
cat/pixabay_cat_002895.jpg,5
cat/pixabay_cat_002896.jpg,5
cat/pixabay_cat_002897.jpg,5
cat/pixabay_cat_002898.jpg,5
cat/pixabay_cat_002899.jpg,7
cat/pixabay_cat_002900.jpg,7
cat/pixabay_cat_002901.jpg,7
cat/pixabay_cat_002902.jpg,7
cat/pixabay_cat_002903.jpg,5
cat/pixabay_cat_002904.jpg,5
cat/pixabay_cat_002906.jpg,1
cat/pixabay_cat_002907.jpg,7
cat/pixabay_cat_002908.jpg,5
cat/pixabay_cat_002909.jpg,5
cat/pixabay_cat_002910.jpg,5
cat/pixabay_cat_002911.jpg,5
cat/pixabay_cat_002912.jpg,5
cat/pixabay_cat_002913.jpg,1
cat/pixabay_cat_002914.jpg,5
cat/pixabay_cat_002915.jpg,1
cat/pixabay_cat_002916.jpg,1
cat/pixabay_cat_002917.jpg,5
cat/pixabay_cat_002918.jpg,7
cat/pixabay_cat_002919.jpg,5
cat/pixabay_cat_002920.jpg,7
cat/pixabay_cat_002921.jpg,7
cat/pixabay_cat_002923.jpg,5
cat/pixabay_cat_002924.jpg,5
cat/pixabay_cat_002925.jpg,5
cat/pixabay_cat_002926.jpg,5
cat/pixabay_cat_002929.jpg,7
cat/pixabay_cat_002930.jpg,5
cat/pixabay_cat_002931.jpg,5
cat/pixabay_cat_002932.jpg,5
cat/pixabay_cat_002933.jpg,5
cat/pixabay_cat_002934.jpg,1
cat/pixabay_cat_002935.jpg,7
cat/pixabay_cat_002936.jpg,5
cat/pixabay_cat_002937.jpg,5
cat/pixabay_cat_002938.jpg,5
cat/pixabay_cat_002939.jpg,5
cat/pixabay_cat_002940.jpg,7
cat/pixabay_cat_002941.jpg,7
cat/pixabay_cat_002942.jpg,7
cat/pixabay_cat_002943.jpg,5
cat/pixabay_cat_002944.jpg,5
cat/pixabay_cat_002945.jpg,1
cat/pixabay_cat_002946.jpg,1
cat/pixabay_cat_002947.jpg,1
cat/pixabay_cat_002948.jpg,5
cat/pixabay_cat_002949.jpg,7
cat/pixabay_cat_002950.jpg,1
cat/pixabay_cat_002951.jpg,7
cat/pixabay_cat_002952.jpg,5
cat/pixabay_cat_002953.jpg,7
cat/pixabay_cat_002954.jpg,7
cat/pixabay_cat_002955.jpg,5
cat/pixabay_cat_002956.jpg,5
cat/pixabay_cat_002957.jpg,1
cat/pixabay_cat_002958.jpg,1
cat/pixabay_cat_002959.jpg,5
cat/pixabay_cat_002960.jpg,5
cat/pixabay_cat_002961.jpg,7
cat/pixabay_cat_002962.jpg,5
cat/pixabay_cat_002963.jpg,5
cat/pixabay_cat_002964.jpg,5
cat/pixabay_cat_002965.jpg,7
cat/pixabay_cat_002966.jpg,5
cat/pixabay_cat_002967.jpg,1
cat/pixabay_cat_002968.jpg,1
cat/pixabay_cat_002969.jpg,7
cat/pixabay_cat_002970.jpg,1
cat/pixabay_cat_002971.jpg,5
cat/pixabay_cat_002972.jpg,7
cat/pixabay_cat_002974.jpg,5
cat/pixabay_cat_002975.jpg,7
cat/pixabay_cat_002976.jpg,7
cat/pixabay_cat_002977.jpg,5
cat/pixabay_cat_002978.jpg,5
cat/pixabay_cat_002979.jpg,5
cat/pixabay_cat_002980.jpg,5
cat/pixabay_cat_002981.jpg,7
cat/pixabay_cat_002982.jpg,7
cat/pixabay_cat_002983.jpg,5
cat/pixabay_cat_002984.jpg,7
cat/pixabay_cat_002985.jpg,5
cat/pixabay_cat_002987.jpg,5
cat/pixabay_cat_002988.jpg,5
cat/pixabay_cat_002991.jpg,1
cat/pixabay_cat_002992.jpg,5
cat/pixabay_cat_002993.jpg,7
cat/pixabay_cat_002994.jpg,5
cat/pixabay_cat_002995.jpg,5
cat/pixabay_cat_002996.jpg,7
cat/pixabay_cat_002998.jpg,7
cat/pixabay_cat_002999.jpg,1
cat/pixabay_cat_003001.jpg,7
cat/pixabay_cat_003002.jpg,7
cat/pixabay_cat_003003.jpg,7
cat/pixabay_cat_003004.jpg,5
cat/pixabay_cat_003005.jpg,7
cat/pixabay_cat_003006.jpg,7
cat/pixabay_cat_003007.jpg,7
cat/pixabay_cat_003008.jpg,1
cat/pixabay_cat_003009.jpg,5
cat/pixabay_cat_003010.jpg,7
cat/pixabay_cat_003011.jpg,5
cat/pixabay_cat_003012.jpg,7
cat/pixabay_cat_003013.jpg,7
cat/pixabay_cat_003014.jpg,7
cat/pixabay_cat_003015.jpg,7
cat/pixabay_cat_003017.jpg,7
cat/pixabay_cat_003018.jpg,7
cat/pixabay_cat_003019.jpg,5
cat/pixabay_cat_003020.jpg,5
cat/pixabay_cat_003021.jpg,7
cat/pixabay_cat_003022.jpg,5
cat/pixabay_cat_003023.jpg,7
cat/pixabay_cat_003024.jpg,5
cat/pixabay_cat_003025.jpg,7
cat/pixabay_cat_003026.jpg,5
cat/pixabay_cat_003027.jpg,7
cat/pixabay_cat_003028.jpg,5
cat/pixabay_cat_003029.jpg,7
cat/pixabay_cat_003030.jpg,7
cat/pixabay_cat_003031.jpg,7
cat/pixabay_cat_003032.jpg,5
cat/pixabay_cat_003034.jpg,7
cat/pixabay_cat_003035.jpg,1
cat/pixabay_cat_003036.jpg,7
cat/pixabay_cat_003037.jpg,7
cat/pixabay_cat_003039.jpg,5
cat/pixabay_cat_003040.jpg,7
cat/pixabay_cat_003041.jpg,5
cat/pixabay_cat_003042.jpg,1
cat/pixabay_cat_003043.jpg,5
cat/pixabay_cat_003044.jpg,7
cat/pixabay_cat_003045.jpg,5
cat/pixabay_cat_003047.jpg,7
cat/pixabay_cat_003049.jpg,1
cat/pixabay_cat_003050.jpg,5
cat/pixabay_cat_003051.jpg,5
cat/pixabay_cat_003052.jpg,7
cat/pixabay_cat_003053.jpg,5
cat/pixabay_cat_003054.jpg,5
cat/pixabay_cat_003055.jpg,5
cat/pixabay_cat_003056.jpg,5
cat/pixabay_cat_003057.jpg,1
cat/pixabay_cat_003058.jpg,7
cat/pixabay_cat_003059.jpg,5
cat/pixabay_cat_003060.jpg,7
cat/pixabay_cat_003061.jpg,7
cat/pixabay_cat_003062.jpg,7
cat/pixabay_cat_003063.jpg,5
cat/pixabay_cat_003064.jpg,5
cat/pixabay_cat_003065.jpg,7
cat/pixabay_cat_003066.jpg,7
cat/pixabay_cat_003067.jpg,7
cat/pixabay_cat_003068.jpg,7
cat/pixabay_cat_003069.jpg,1
cat/pixabay_cat_003070.jpg,5
cat/pixabay_cat_003071.jpg,5
cat/pixabay_cat_003072.jpg,5
cat/pixabay_cat_003073.jpg,1
cat/pixabay_cat_003074.jpg,5
cat/pixabay_cat_003075.jpg,7
cat/pixabay_cat_003076.jpg,5
cat/pixabay_cat_003077.jpg,5
cat/pixabay_cat_003078.jpg,7
cat/pixabay_cat_003080.jpg,1
cat/pixabay_cat_003081.jpg,1
cat/pixabay_cat_003082.jpg,1
cat/pixabay_cat_003083.jpg,5
cat/pixabay_cat_003084.jpg,1
cat/pixabay_cat_003085.jpg,5
cat/pixabay_cat_003086.jpg,1
cat/pixabay_cat_003087.jpg,7
cat/pixabay_cat_003088.jpg,1
cat/pixabay_cat_003089.jpg,7
cat/pixabay_cat_003090.jpg,7
cat/pixabay_cat_003091.jpg,7
cat/pixabay_cat_003092.jpg,5
cat/pixabay_cat_003093.jpg,1
cat/pixabay_cat_003094.jpg,7
cat/pixabay_cat_003095.jpg,1
cat/pixabay_cat_003096.jpg,1
cat/pixabay_cat_003097.jpg,1
cat/pixabay_cat_003098.jpg,7
cat/pixabay_cat_003099.jpg,7
cat/pixabay_cat_003100.jpg,5
cat/pixabay_cat_003101.jpg,1
cat/pixabay_cat_003102.jpg,5
cat/pixabay_cat_003103.jpg,7
cat/pixabay_cat_003104.jpg,5
cat/pixabay_cat_003105.jpg,7
cat/pixabay_cat_003106.jpg,1
cat/pixabay_cat_003107.jpg,5
cat/pixabay_cat_003108.jpg,7
cat/pixabay_cat_003109.jpg,7
cat/pixabay_cat_003110.jpg,7
cat/pixabay_cat_003111.jpg,1
cat/pixabay_cat_003112.jpg,7
cat/pixabay_cat_003113.jpg,7
cat/pixabay_cat_003114.jpg,7
cat/pixabay_cat_003115.jpg,5
cat/pixabay_cat_003116.jpg,7
cat/pixabay_cat_003118.jpg,7
cat/pixabay_cat_003119.jpg,7
cat/pixabay_cat_003120.jpg,7
cat/pixabay_cat_003121.jpg,7
cat/pixabay_cat_003122.jpg,7
cat/pixabay_cat_003123.jpg,1
cat/pixabay_cat_003124.jpg,7
cat/pixabay_cat_003125.jpg,1
cat/pixabay_cat_003126.jpg,1
cat/pixabay_cat_003127.jpg,1
cat/pixabay_cat_003128.jpg,7
cat/pixabay_cat_003129.jpg,7
cat/pixabay_cat_003131.jpg,7
cat/pixabay_cat_003132.jpg,1
cat/pixabay_cat_003133.jpg,1
cat/pixabay_cat_003135.jpg,5
cat/pixabay_cat_003136.jpg,1
cat/pixabay_cat_003137.jpg,1
cat/pixabay_cat_003138.jpg,7
cat/pixabay_cat_003139.jpg,5
cat/pixabay_cat_003140.jpg,7
cat/pixabay_cat_003141.jpg,5
cat/pixabay_cat_003142.jpg,5
cat/pixabay_cat_003143.jpg,5
cat/pixabay_cat_003144.jpg,5
cat/pixabay_cat_003145.jpg,5
cat/pixabay_cat_003146.jpg,1
cat/pixabay_cat_003147.jpg,5
cat/pixabay_cat_003148.jpg,5
cat/pixabay_cat_003149.jpg,1
cat/pixabay_cat_003151.jpg,7
cat/pixabay_cat_003152.jpg,7
cat/pixabay_cat_003153.jpg,7
cat/pixabay_cat_003154.jpg,7
cat/pixabay_cat_003155.jpg,1
cat/pixabay_cat_003156.jpg,7
cat/pixabay_cat_003157.jpg,7
cat/pixabay_cat_003158.jpg,7
cat/pixabay_cat_003159.jpg,5
cat/pixabay_cat_003160.jpg,7
cat/pixabay_cat_003161.jpg,5
cat/pixabay_cat_003162.jpg,5
cat/pixabay_cat_003163.jpg,7
cat/pixabay_cat_003164.jpg,5
cat/pixabay_cat_003166.jpg,7
cat/pixabay_cat_003167.jpg,7
cat/pixabay_cat_003168.jpg,1
cat/pixabay_cat_003169.jpg,1
cat/pixabay_cat_003170.jpg,1
cat/pixabay_cat_003171.jpg,7
cat/pixabay_cat_003172.jpg,5
cat/pixabay_cat_003173.jpg,7
cat/pixabay_cat_003174.jpg,7
cat/pixabay_cat_003175.jpg,7
cat/pixabay_cat_003176.jpg,1
cat/pixabay_cat_003177.jpg,7
cat/pixabay_cat_003178.jpg,5
cat/pixabay_cat_003179.jpg,5
cat/pixabay_cat_003180.jpg,1
cat/pixabay_cat_003181.jpg,7
cat/pixabay_cat_003182.jpg,7
cat/pixabay_cat_003183.jpg,7
cat/pixabay_cat_003184.jpg,1
cat/pixabay_cat_003185.jpg,5
cat/pixabay_cat_003186.jpg,5
cat/pixabay_cat_003188.jpg,5
cat/pixabay_cat_003189.jpg,7
cat/pixabay_cat_003190.jpg,1
cat/pixabay_cat_003191.jpg,5
cat/pixabay_cat_003192.jpg,7
cat/pixabay_cat_003193.jpg,1
cat/pixabay_cat_003194.jpg,5
cat/pixabay_cat_003195.jpg,5
cat/pixabay_cat_003196.jpg,7
cat/pixabay_cat_003198.jpg,1
cat/pixabay_cat_003199.jpg,7
cat/pixabay_cat_003200.jpg,7
cat/pixabay_cat_003202.jpg,5
cat/pixabay_cat_003203.jpg,1
cat/pixabay_cat_003205.jpg,5
cat/pixabay_cat_003206.jpg,7
cat/pixabay_cat_003207.jpg,7
cat/pixabay_cat_003208.jpg,7
cat/pixabay_cat_003209.jpg,5
cat/pixabay_cat_003213.jpg,7
cat/pixabay_cat_003214.jpg,1
cat/pixabay_cat_003215.jpg,1
cat/pixabay_cat_003216.jpg,5
cat/pixabay_cat_003217.jpg,5
cat/pixabay_cat_003219.jpg,1
cat/pixabay_cat_003220.jpg,7
cat/pixabay_cat_003221.jpg,1
cat/pixabay_cat_003222.jpg,7
cat/pixabay_cat_003223.jpg,7
cat/pixabay_cat_003224.jpg,1
cat/pixabay_cat_003225.jpg,5
cat/pixabay_cat_003226.jpg,7
cat/pixabay_cat_003227.jpg,7
cat/pixabay_cat_003228.jpg,7
cat/pixabay_cat_003229.jpg,7
cat/pixabay_cat_003230.jpg,7
cat/pixabay_cat_003231.jpg,5
cat/pixabay_cat_003232.jpg,7
cat/pixabay_cat_003233.jpg,1
cat/pixabay_cat_003234.jpg,1
cat/pixabay_cat_003235.jpg,5
cat/pixabay_cat_003236.jpg,1
cat/pixabay_cat_003237.jpg,5
cat/pixabay_cat_003238.jpg,5
cat/pixabay_cat_003239.jpg,7
cat/pixabay_cat_003240.jpg,1
cat/pixabay_cat_003241.jpg,7
cat/pixabay_cat_003242.jpg,7
cat/pixabay_cat_003243.jpg,5
cat/pixabay_cat_003244.jpg,5
cat/pixabay_cat_003245.jpg,5
cat/pixabay_cat_003246.jpg,7
cat/pixabay_cat_003247.jpg,5
cat/pixabay_cat_003248.jpg,5
cat/pixabay_cat_003249.jpg,5
cat/pixabay_cat_003250.jpg,5
cat/pixabay_cat_003251.jpg,7
cat/pixabay_cat_003252.jpg,5
cat/pixabay_cat_003254.jpg,1
cat/pixabay_cat_003255.jpg,7
cat/pixabay_cat_003256.jpg,5
cat/pixabay_cat_003257.jpg,5
cat/pixabay_cat_003258.jpg,7
cat/pixabay_cat_003259.jpg,7
cat/pixabay_cat_003260.jpg,1
cat/pixabay_cat_003261.jpg,1
cat/pixabay_cat_003262.jpg,5
cat/pixabay_cat_003263.jpg,5
cat/pixabay_cat_003264.jpg,7
cat/pixabay_cat_003265.jpg,5
cat/pixabay_cat_003266.jpg,5
cat/pixabay_cat_003267.jpg,5
cat/pixabay_cat_003268.jpg,1
cat/pixabay_cat_003269.jpg,5
cat/pixabay_cat_003270.jpg,5
cat/pixabay_cat_003271.jpg,7
cat/pixabay_cat_003272.jpg,7
cat/pixabay_cat_003273.jpg,1
cat/pixabay_cat_003274.jpg,7
cat/pixabay_cat_003275.jpg,5
cat/pixabay_cat_003276.jpg,7
cat/pixabay_cat_003277.jpg,7
cat/pixabay_cat_003278.jpg,7
cat/pixabay_cat_003279.jpg,5
cat/pixabay_cat_003280.jpg,5
cat/pixabay_cat_003281.jpg,5
cat/pixabay_cat_003282.jpg,5
cat/pixabay_cat_003283.jpg,7
cat/pixabay_cat_003284.jpg,7
cat/pixabay_cat_003285.jpg,1
cat/pixabay_cat_003286.jpg,1
cat/pixabay_cat_003287.jpg,7
cat/pixabay_cat_003288.jpg,5
cat/pixabay_cat_003289.jpg,7
cat/pixabay_cat_003290.jpg,7
cat/pixabay_cat_003291.jpg,7
cat/pixabay_cat_003292.jpg,7
cat/pixabay_cat_003293.jpg,7
cat/pixabay_cat_003294.jpg,7
cat/pixabay_cat_003295.jpg,7
cat/pixabay_cat_003296.jpg,5
cat/pixabay_cat_003297.jpg,7
cat/pixabay_cat_003298.jpg,5
cat/pixabay_cat_003299.jpg,1
cat/pixabay_cat_003300.jpg,7
cat/pixabay_cat_003301.jpg,5
cat/pixabay_cat_003302.jpg,7
cat/pixabay_cat_003303.jpg,5
cat/pixabay_cat_003304.jpg,7
cat/pixabay_cat_003305.jpg,7
cat/pixabay_cat_003306.jpg,5
cat/pixabay_cat_003307.jpg,7
cat/pixabay_cat_003308.jpg,7
cat/pixabay_cat_003309.jpg,5
cat/pixabay_cat_003310.jpg,5
cat/pixabay_cat_003311.jpg,7
cat/pixabay_cat_003312.jpg,7
cat/pixabay_cat_003314.jpg,7
cat/pixabay_cat_003315.jpg,1
cat/pixabay_cat_003316.jpg,1
cat/pixabay_cat_003317.jpg,7
cat/pixabay_cat_003318.jpg,7
cat/pixabay_cat_003319.jpg,7
cat/pixabay_cat_003320.jpg,7
cat/pixabay_cat_003321.jpg,1
cat/pixabay_cat_003322.jpg,1
cat/pixabay_cat_003323.jpg,1
cat/pixabay_cat_003324.jpg,5
cat/pixabay_cat_003325.jpg,7
cat/pixabay_cat_003326.jpg,5
cat/pixabay_cat_003327.jpg,7
cat/pixabay_cat_003328.jpg,5
cat/pixabay_cat_003329.jpg,7
cat/pixabay_cat_003330.jpg,5
cat/pixabay_cat_003331.jpg,5
cat/pixabay_cat_003332.jpg,7
cat/pixabay_cat_003333.jpg,7
cat/pixabay_cat_003334.jpg,7
cat/pixabay_cat_003335.jpg,1
cat/pixabay_cat_003336.jpg,5
cat/pixabay_cat_003337.jpg,7
cat/pixabay_cat_003338.jpg,5
cat/pixabay_cat_003339.jpg,5
cat/pixabay_cat_003340.jpg,1
cat/pixabay_cat_003342.jpg,7
cat/pixabay_cat_003343.jpg,5
cat/pixabay_cat_003344.jpg,1
cat/pixabay_cat_003345.jpg,7
cat/pixabay_cat_003346.jpg,5
cat/pixabay_cat_003347.jpg,5
cat/pixabay_cat_003348.jpg,5
cat/pixabay_cat_003349.jpg,5
cat/pixabay_cat_003350.jpg,7
cat/pixabay_cat_003351.jpg,5
cat/pixabay_cat_003352.jpg,1
cat/pixabay_cat_003353.jpg,5
cat/pixabay_cat_003354.jpg,5
cat/pixabay_cat_003355.jpg,7
cat/pixabay_cat_003360.jpg,7
cat/pixabay_cat_003362.jpg,5
cat/pixabay_cat_003363.jpg,5
cat/pixabay_cat_003364.jpg,5
cat/pixabay_cat_003365.jpg,1
cat/pixabay_cat_003366.jpg,1
cat/pixabay_cat_003367.jpg,7
cat/pixabay_cat_003368.jpg,5
cat/pixabay_cat_003369.jpg,5
cat/pixabay_cat_003370.jpg,7
cat/pixabay_cat_003371.jpg,5
cat/pixabay_cat_003372.jpg,1
cat/pixabay_cat_003373.jpg,5
cat/pixabay_cat_003374.jpg,7
cat/pixabay_cat_003375.jpg,5
cat/pixabay_cat_003376.jpg,1
cat/pixabay_cat_003377.jpg,7
cat/pixabay_cat_003378.jpg,7
cat/pixabay_cat_003379.jpg,1
cat/pixabay_cat_003380.jpg,7
cat/pixabay_cat_003381.jpg,5
cat/pixabay_cat_003382.jpg,7
cat/pixabay_cat_003383.jpg,5
cat/pixabay_cat_003384.jpg,7
cat/pixabay_cat_003385.jpg,1
cat/pixabay_cat_003386.jpg,1
cat/pixabay_cat_003387.jpg,7
cat/pixabay_cat_003388.jpg,7
cat/pixabay_cat_003389.jpg,5
cat/pixabay_cat_003390.jpg,7
cat/pixabay_cat_003391.jpg,5
cat/pixabay_cat_003393.jpg,7
cat/pixabay_cat_003394.jpg,7
cat/pixabay_cat_003395.jpg,5
cat/pixabay_cat_003396.jpg,5
cat/pixabay_cat_003397.jpg,5
cat/pixabay_cat_003398.jpg,7
cat/pixabay_cat_003399.jpg,7
cat/pixabay_cat_003400.jpg,5
cat/pixabay_cat_003401.jpg,7
cat/pixabay_cat_003402.jpg,5
cat/pixabay_cat_003403.jpg,7
cat/pixabay_cat_003404.jpg,1
cat/pixabay_cat_003405.jpg,7
cat/pixabay_cat_003406.jpg,7
cat/pixabay_cat_003407.jpg,7
cat/pixabay_cat_003408.jpg,7
cat/pixabay_cat_003409.jpg,5
cat/pixabay_cat_003410.jpg,5
cat/pixabay_cat_003411.jpg,7
cat/pixabay_cat_003412.jpg,5
cat/pixabay_cat_003414.jpg,7
cat/pixabay_cat_003415.jpg,1
cat/pixabay_cat_003416.jpg,1
cat/pixabay_cat_003418.jpg,7
cat/pixabay_cat_003419.jpg,7
cat/pixabay_cat_003420.jpg,7
cat/pixabay_cat_003421.jpg,7
cat/pixabay_cat_003422.jpg,7
cat/pixabay_cat_003423.jpg,1
cat/pixabay_cat_003424.jpg,7
cat/pixabay_cat_003425.jpg,7
cat/pixabay_cat_003426.jpg,5
cat/pixabay_cat_003427.jpg,1
cat/pixabay_cat_003428.jpg,7
cat/pixabay_cat_003429.jpg,1
cat/pixabay_cat_003430.jpg,7
cat/pixabay_cat_003431.jpg,7
cat/pixabay_cat_003433.jpg,7
cat/pixabay_cat_003434.jpg,7
cat/pixabay_cat_003435.jpg,7
cat/pixabay_cat_003436.jpg,7
cat/pixabay_cat_003437.jpg,5
cat/pixabay_cat_003438.jpg,7
cat/pixabay_cat_003439.jpg,1
cat/pixabay_cat_003441.jpg,1
cat/pixabay_cat_003442.jpg,1
cat/pixabay_cat_003443.jpg,5
cat/pixabay_cat_003444.jpg,7
cat/pixabay_cat_003445.jpg,5
cat/pixabay_cat_003446.jpg,1
cat/pixabay_cat_003447.jpg,1
cat/pixabay_cat_003448.jpg,7
cat/pixabay_cat_003449.jpg,7
cat/pixabay_cat_003450.jpg,5
cat/pixabay_cat_003451.jpg,7
cat/pixabay_cat_003452.jpg,1
cat/pixabay_cat_003453.jpg,5
cat/pixabay_cat_003454.jpg,7
cat/pixabay_cat_003456.jpg,7
cat/pixabay_cat_003457.jpg,7
cat/pixabay_cat_003458.jpg,5
cat/pixabay_cat_003459.jpg,1
cat/pixabay_cat_003460.jpg,7
cat/pixabay_cat_003461.jpg,7
cat/pixabay_cat_003462.jpg,7
cat/pixabay_cat_003463.jpg,7
cat/pixabay_cat_003465.jpg,5
cat/pixabay_cat_003466.jpg,5
cat/pixabay_cat_003467.jpg,5
cat/pixabay_cat_003468.jpg,5
cat/pixabay_cat_003469.jpg,1
cat/pixabay_cat_003470.jpg,7
cat/pixabay_cat_003471.jpg,7
cat/pixabay_cat_003473.jpg,7
cat/pixabay_cat_003474.jpg,7
cat/pixabay_cat_003475.jpg,5
cat/pixabay_cat_003476.jpg,5
cat/pixabay_cat_003477.jpg,1
cat/pixabay_cat_003478.jpg,1
cat/pixabay_cat_003479.jpg,7
cat/pixabay_cat_003480.jpg,7
cat/pixabay_cat_003481.jpg,7
cat/pixabay_cat_003482.jpg,1
cat/pixabay_cat_003484.jpg,7
cat/pixabay_cat_003485.jpg,5
cat/pixabay_cat_003487.jpg,5
cat/pixabay_cat_003488.jpg,5
cat/pixabay_cat_003489.jpg,7
cat/pixabay_cat_003490.jpg,5
cat/pixabay_cat_003491.jpg,5
cat/pixabay_cat_003492.jpg,1
cat/pixabay_cat_003493.jpg,7
cat/pixabay_cat_003494.jpg,7
cat/pixabay_cat_003495.jpg,5
cat/pixabay_cat_003496.jpg,5
cat/pixabay_cat_003497.jpg,7
cat/pixabay_cat_003498.jpg,7
cat/pixabay_cat_003499.jpg,7
cat/pixabay_cat_003500.jpg,1
cat/pixabay_cat_003501.jpg,7
cat/pixabay_cat_003502.jpg,7
cat/pixabay_cat_003504.jpg,5
cat/pixabay_cat_003505.jpg,5
cat/pixabay_cat_003506.jpg,5
cat/pixabay_cat_003507.jpg,1
cat/pixabay_cat_003508.jpg,5
cat/pixabay_cat_003509.jpg,7
cat/pixabay_cat_003510.jpg,1
cat/pixabay_cat_003511.jpg,7
cat/pixabay_cat_003513.jpg,7
cat/pixabay_cat_003514.jpg,5
cat/pixabay_cat_003515.jpg,5
cat/pixabay_cat_003516.jpg,1
cat/pixabay_cat_003517.jpg,5
cat/pixabay_cat_003518.jpg,5
cat/pixabay_cat_003519.jpg,1
cat/pixabay_cat_003520.jpg,5
cat/pixabay_cat_003521.jpg,5
cat/pixabay_cat_003522.jpg,1
cat/pixabay_cat_003523.jpg,7
cat/pixabay_cat_003525.jpg,7
cat/pixabay_cat_003526.jpg,5
cat/pixabay_cat_003527.jpg,7
cat/pixabay_cat_003528.jpg,1
cat/pixabay_cat_003530.jpg,5
cat/pixabay_cat_003531.jpg,1
cat/pixabay_cat_003532.jpg,7
cat/pixabay_cat_003533.jpg,7
cat/pixabay_cat_003534.jpg,7
cat/pixabay_cat_003535.jpg,5
cat/pixabay_cat_003536.jpg,7
cat/pixabay_cat_003537.jpg,5
cat/pixabay_cat_003538.jpg,7
cat/pixabay_cat_003539.jpg,1
cat/pixabay_cat_003540.jpg,5
cat/pixabay_cat_003541.jpg,5
cat/pixabay_cat_003542.jpg,7
cat/pixabay_cat_003543.jpg,7
cat/pixabay_cat_003544.jpg,7
cat/pixabay_cat_003545.jpg,7
cat/pixabay_cat_003546.jpg,5
cat/pixabay_cat_003547.jpg,7
cat/pixabay_cat_003548.jpg,1
cat/pixabay_cat_003549.jpg,1
cat/pixabay_cat_003550.jpg,7
cat/pixabay_cat_003551.jpg,5
cat/pixabay_cat_003552.jpg,1
cat/pixabay_cat_003553.jpg,5
cat/pixabay_cat_003554.jpg,7
cat/pixabay_cat_003555.jpg,5
cat/pixabay_cat_003557.jpg,1
cat/pixabay_cat_003558.jpg,5
cat/pixabay_cat_003559.jpg,5
cat/pixabay_cat_003560.jpg,1
cat/pixabay_cat_003561.jpg,5
cat/pixabay_cat_003563.jpg,5
cat/pixabay_cat_003564.jpg,5
cat/pixabay_cat_003565.jpg,7
cat/pixabay_cat_003566.jpg,1
cat/pixabay_cat_003567.jpg,7
cat/pixabay_cat_003569.jpg,5
cat/pixabay_cat_003570.jpg,5
cat/pixabay_cat_003571.jpg,5
cat/pixabay_cat_003572.jpg,1
cat/pixabay_cat_003573.jpg,5
cat/pixabay_cat_003574.jpg,7
cat/pixabay_cat_003575.jpg,5
cat/pixabay_cat_003576.jpg,1
cat/pixabay_cat_003578.jpg,1
cat/pixabay_cat_003579.jpg,7
cat/pixabay_cat_003580.jpg,5
cat/pixabay_cat_003581.jpg,7
cat/pixabay_cat_003583.jpg,5
cat/pixabay_cat_003584.jpg,7
cat/pixabay_cat_003585.jpg,7
cat/pixabay_cat_003586.jpg,5
cat/pixabay_cat_003587.jpg,7
cat/pixabay_cat_003588.jpg,7
cat/pixabay_cat_003589.jpg,5
cat/pixabay_cat_003590.jpg,5
cat/pixabay_cat_003591.jpg,7
cat/pixabay_cat_003592.jpg,7
cat/pixabay_cat_003593.jpg,7
cat/pixabay_cat_003594.jpg,5
cat/pixabay_cat_003596.jpg,5
cat/pixabay_cat_003597.jpg,7
cat/pixabay_cat_003598.jpg,1
cat/pixabay_cat_003599.jpg,5
cat/pixabay_cat_003600.jpg,7
cat/pixabay_cat_003601.jpg,1
cat/pixabay_cat_003602.jpg,7
cat/pixabay_cat_003603.jpg,1
cat/pixabay_cat_003604.jpg,7
cat/pixabay_cat_003605.jpg,5
cat/pixabay_cat_003606.jpg,5
cat/pixabay_cat_003607.jpg,5
cat/pixabay_cat_003608.jpg,5
cat/pixabay_cat_003609.jpg,5
cat/pixabay_cat_003611.jpg,5
cat/pixabay_cat_003612.jpg,7
cat/pixabay_cat_003614.jpg,1
cat/pixabay_cat_003616.jpg,5
cat/pixabay_cat_003617.jpg,1
cat/pixabay_cat_003618.jpg,7
cat/pixabay_cat_003619.jpg,5
cat/pixabay_cat_003620.jpg,1
cat/pixabay_cat_003621.jpg,1
cat/pixabay_cat_003622.jpg,5
cat/pixabay_cat_003623.jpg,1
cat/pixabay_cat_003624.jpg,7
cat/pixabay_cat_003625.jpg,7
cat/pixabay_cat_003626.jpg,7
cat/pixabay_cat_003627.jpg,5
cat/pixabay_cat_003628.jpg,7
cat/pixabay_cat_003629.jpg,5
cat/pixabay_cat_003630.jpg,7
cat/pixabay_cat_003631.jpg,7
cat/pixabay_cat_003632.jpg,1
cat/pixabay_cat_003633.jpg,5
cat/pixabay_cat_003634.jpg,7
cat/pixabay_cat_003635.jpg,7
cat/pixabay_cat_003636.jpg,7
cat/pixabay_cat_003637.jpg,7
cat/pixabay_cat_003638.jpg,1
cat/pixabay_cat_003639.jpg,1
cat/pixabay_cat_003640.jpg,7
cat/pixabay_cat_003641.jpg,7
cat/pixabay_cat_003642.jpg,1
cat/pixabay_cat_003643.jpg,7
cat/pixabay_cat_003644.jpg,5
cat/pixabay_cat_003645.jpg,1
cat/pixabay_cat_003646.jpg,7
cat/pixabay_cat_003647.jpg,5
cat/pixabay_cat_003648.jpg,5
cat/pixabay_cat_003649.jpg,5
cat/pixabay_cat_003650.jpg,5
cat/pixabay_cat_003651.jpg,7
cat/pixabay_cat_003652.jpg,5
cat/pixabay_cat_003653.jpg,7
cat/pixabay_cat_003654.jpg,1
cat/pixabay_cat_003655.jpg,5
cat/pixabay_cat_003656.jpg,5
cat/pixabay_cat_003657.jpg,7
cat/pixabay_cat_003658.jpg,5
cat/pixabay_cat_003659.jpg,5
cat/pixabay_cat_003660.jpg,7
cat/pixabay_cat_003661.jpg,5
cat/pixabay_cat_003662.jpg,1
cat/pixabay_cat_003663.jpg,7
cat/pixabay_cat_003664.jpg,5
cat/pixabay_cat_003665.jpg,5
cat/pixabay_cat_003666.jpg,5
cat/pixabay_cat_003667.jpg,7
cat/pixabay_cat_003668.jpg,5
cat/pixabay_cat_003669.jpg,7
cat/pixabay_cat_003670.jpg,5
cat/pixabay_cat_003671.jpg,1
cat/pixabay_cat_003672.jpg,7
cat/pixabay_cat_003673.jpg,5
cat/pixabay_cat_003674.jpg,5
cat/pixabay_cat_003675.jpg,1
cat/pixabay_cat_003676.jpg,7
cat/pixabay_cat_003677.jpg,7
cat/pixabay_cat_003678.jpg,5
cat/pixabay_cat_003679.jpg,5
cat/pixabay_cat_003680.jpg,7
cat/pixabay_cat_003681.jpg,7
cat/pixabay_cat_003682.jpg,7
cat/pixabay_cat_003683.jpg,7
cat/pixabay_cat_003684.jpg,7
cat/pixabay_cat_003685.jpg,7
cat/pixabay_cat_003687.jpg,5
cat/pixabay_cat_003689.jpg,5
cat/pixabay_cat_003690.jpg,7
cat/pixabay_cat_003691.jpg,5
cat/pixabay_cat_003692.jpg,5
cat/pixabay_cat_003693.jpg,7
cat/pixabay_cat_003694.jpg,7
cat/pixabay_cat_003695.jpg,1
cat/pixabay_cat_003696.jpg,5
cat/pixabay_cat_003697.jpg,7
cat/pixabay_cat_003698.jpg,7
cat/pixabay_cat_003699.jpg,7
cat/pixabay_cat_003700.jpg,5
cat/pixabay_cat_003702.jpg,5
cat/pixabay_cat_003703.jpg,5
cat/pixabay_cat_003704.jpg,5
cat/pixabay_cat_003705.jpg,7
cat/pixabay_cat_003707.jpg,1
cat/pixabay_cat_003708.jpg,7
cat/pixabay_cat_003709.jpg,1
cat/pixabay_cat_003710.jpg,1
cat/pixabay_cat_003711.jpg,5
cat/pixabay_cat_003713.jpg,7
cat/pixabay_cat_003714.jpg,1
cat/pixabay_cat_003715.jpg,1
cat/pixabay_cat_003716.jpg,7
cat/pixabay_cat_003717.jpg,1
cat/pixabay_cat_003718.jpg,7
cat/pixabay_cat_003719.jpg,5
cat/pixabay_cat_003720.jpg,7
cat/pixabay_cat_003722.jpg,7
cat/pixabay_cat_003724.jpg,5
cat/pixabay_cat_003725.jpg,1
cat/pixabay_cat_003726.jpg,1
cat/pixabay_cat_003727.jpg,1
cat/pixabay_cat_003728.jpg,7
cat/pixabay_cat_003729.jpg,5
cat/pixabay_cat_003730.jpg,5
cat/pixabay_cat_003731.jpg,7
cat/pixabay_cat_003732.jpg,1
cat/pixabay_cat_003733.jpg,1
cat/pixabay_cat_003735.jpg,0
cat/pixabay_cat_003736.jpg,7
cat/pixabay_cat_003737.jpg,7
cat/pixabay_cat_003738.jpg,7
cat/pixabay_cat_003739.jpg,5
cat/pixabay_cat_003740.jpg,7
cat/pixabay_cat_003741.jpg,1
cat/pixabay_cat_003744.jpg,1
cat/pixabay_cat_003745.jpg,7
cat/pixabay_cat_003746.jpg,7
cat/pixabay_cat_003747.jpg,5
cat/pixabay_cat_003749.jpg,7
cat/pixabay_cat_003750.jpg,7
cat/pixabay_cat_003751.jpg,1
cat/pixabay_cat_003752.jpg,7
cat/pixabay_cat_003754.jpg,5
cat/pixabay_cat_003756.jpg,5
cat/pixabay_cat_003757.jpg,7
cat/pixabay_cat_003758.jpg,7
cat/pixabay_cat_003759.jpg,7
cat/pixabay_cat_003760.jpg,5
cat/pixabay_cat_003761.jpg,5
cat/pixabay_cat_003762.jpg,5
cat/pixabay_cat_003763.jpg,5
cat/pixabay_cat_003764.jpg,7
cat/pixabay_cat_003765.jpg,1
cat/pixabay_cat_003766.jpg,1
cat/pixabay_cat_003767.jpg,1
cat/pixabay_cat_003768.jpg,7
cat/pixabay_cat_003769.jpg,7
cat/pixabay_cat_003770.jpg,7
cat/pixabay_cat_003771.jpg,5
cat/pixabay_cat_003772.jpg,7
cat/pixabay_cat_003774.jpg,1
cat/pixabay_cat_003775.jpg,5
cat/pixabay_cat_003776.jpg,7
cat/pixabay_cat_003777.jpg,5
cat/pixabay_cat_003778.jpg,1
cat/pixabay_cat_003779.jpg,7
cat/pixabay_cat_003780.jpg,5
cat/pixabay_cat_003781.jpg,7
cat/pixabay_cat_003782.jpg,7
cat/pixabay_cat_003783.jpg,7
cat/pixabay_cat_003784.jpg,1
cat/pixabay_cat_003785.jpg,7
cat/pixabay_cat_003786.jpg,5
cat/pixabay_cat_003787.jpg,5
cat/pixabay_cat_003788.jpg,1
cat/pixabay_cat_003789.jpg,1
cat/pixabay_cat_003790.jpg,7
cat/pixabay_cat_003791.jpg,7
cat/pixabay_cat_003792.jpg,5
cat/pixabay_cat_003793.jpg,5
cat/pixabay_cat_003795.jpg,1
cat/pixabay_cat_003796.jpg,1
cat/pixabay_cat_003797.jpg,5
cat/pixabay_cat_003798.jpg,7
cat/pixabay_cat_003799.jpg,7
cat/pixabay_cat_003800.jpg,7
cat/pixabay_cat_003801.jpg,7
cat/pixabay_cat_003802.jpg,7
cat/pixabay_cat_003803.jpg,5
cat/pixabay_cat_003805.jpg,5
cat/pixabay_cat_003806.jpg,5
cat/pixabay_cat_003807.jpg,5
cat/pixabay_cat_003808.jpg,7
cat/pixabay_cat_003809.jpg,1
cat/pixabay_cat_003810.jpg,1
cat/pixabay_cat_003812.jpg,7
cat/pixabay_cat_003813.jpg,5
cat/pixabay_cat_003814.jpg,7
cat/pixabay_cat_003815.jpg,7
cat/pixabay_cat_003816.jpg,7
cat/pixabay_cat_003817.jpg,7
cat/pixabay_cat_003818.jpg,5
cat/pixabay_cat_003819.jpg,5
cat/pixabay_cat_003821.jpg,5
cat/pixabay_cat_003822.jpg,7
cat/pixabay_cat_003823.jpg,7
cat/pixabay_cat_003824.jpg,5
cat/pixabay_cat_003825.jpg,7
cat/pixabay_cat_003826.jpg,1
cat/pixabay_cat_003827.jpg,7
cat/pixabay_cat_003828.jpg,1
cat/pixabay_cat_003829.jpg,7
cat/pixabay_cat_003830.jpg,7
cat/pixabay_cat_003831.jpg,5
cat/pixabay_cat_003832.jpg,1
cat/pixabay_cat_003833.jpg,1
cat/pixabay_cat_003834.jpg,5
cat/pixabay_cat_003835.jpg,7
cat/pixabay_cat_003836.jpg,5
cat/pixabay_cat_003837.jpg,1
cat/pixabay_cat_003838.jpg,7
cat/pixabay_cat_003839.jpg,7
cat/pixabay_cat_003840.jpg,7
cat/pixabay_cat_003841.jpg,5
cat/pixabay_cat_003843.jpg,7
cat/pixabay_cat_003844.jpg,7
cat/pixabay_cat_003845.jpg,7
cat/pixabay_cat_003846.jpg,5
cat/pixabay_cat_003847.jpg,7
cat/pixabay_cat_003849.jpg,7
cat/pixabay_cat_003850.jpg,7
cat/pixabay_cat_003851.jpg,7
cat/pixabay_cat_003852.jpg,7
cat/pixabay_cat_003853.jpg,5
cat/pixabay_cat_003854.jpg,5
cat/pixabay_cat_003855.jpg,1
cat/pixabay_cat_003856.jpg,7
cat/pixabay_cat_003857.jpg,5
cat/pixabay_cat_003858.jpg,5
cat/pixabay_cat_003859.jpg,5
cat/pixabay_cat_003860.jpg,1
cat/pixabay_cat_003861.jpg,5
cat/pixabay_cat_003862.jpg,7
cat/pixabay_cat_003863.jpg,1
cat/pixabay_cat_003864.jpg,5
cat/pixabay_cat_003865.jpg,5
cat/pixabay_cat_003866.jpg,1
cat/pixabay_cat_003867.jpg,1
cat/pixabay_cat_003868.jpg,7
cat/pixabay_cat_003869.jpg,1
cat/pixabay_cat_003870.jpg,5
cat/pixabay_cat_003871.jpg,5
cat/pixabay_cat_003872.jpg,7
cat/pixabay_cat_003873.jpg,7
cat/pixabay_cat_003875.jpg,1
cat/pixabay_cat_003876.jpg,7
cat/pixabay_cat_003877.jpg,7
cat/pixabay_cat_003879.jpg,1
cat/pixabay_cat_003880.jpg,7
cat/pixabay_cat_003881.jpg,7
cat/pixabay_cat_003882.jpg,5
cat/pixabay_cat_003883.jpg,7
cat/pixabay_cat_003884.jpg,7
cat/pixabay_cat_003885.jpg,5
cat/pixabay_cat_003886.jpg,1
cat/pixabay_cat_003887.jpg,7
cat/pixabay_cat_003888.jpg,7
cat/pixabay_cat_003889.jpg,7
cat/pixabay_cat_003891.jpg,7
cat/pixabay_cat_003892.jpg,5
cat/pixabay_cat_003893.jpg,7
cat/pixabay_cat_003894.jpg,1
cat/pixabay_cat_003895.jpg,7
cat/pixabay_cat_003897.jpg,7
cat/pixabay_cat_003898.jpg,0
cat/pixabay_cat_003899.jpg,7
cat/pixabay_cat_003900.jpg,7
cat/pixabay_cat_003902.jpg,7
cat/pixabay_cat_003903.jpg,5
cat/pixabay_cat_003904.jpg,7
cat/pixabay_cat_003905.jpg,1
cat/pixabay_cat_003906.jpg,5
cat/pixabay_cat_003907.jpg,5
cat/pixabay_cat_003908.jpg,7
cat/pixabay_cat_003910.jpg,7
cat/pixabay_cat_003912.jpg,7
cat/pixabay_cat_003913.jpg,7
cat/pixabay_cat_003914.jpg,5
cat/pixabay_cat_003915.jpg,5
cat/pixabay_cat_003916.jpg,5
cat/pixabay_cat_003917.jpg,7
cat/pixabay_cat_003918.jpg,7
cat/pixabay_cat_003919.jpg,7
cat/pixabay_cat_003920.jpg,1
cat/pixabay_cat_003921.jpg,1
cat/pixabay_cat_003922.jpg,7
cat/pixabay_cat_003923.jpg,7
cat/pixabay_cat_003925.jpg,7
cat/pixabay_cat_003926.jpg,5
cat/pixabay_cat_003927.jpg,1
cat/pixabay_cat_003928.jpg,5
cat/pixabay_cat_003929.jpg,7
cat/pixabay_cat_003930.jpg,7
cat/pixabay_cat_003932.jpg,7
cat/pixabay_cat_003933.jpg,5
cat/pixabay_cat_003934.jpg,5
cat/pixabay_cat_003935.jpg,5
cat/pixabay_cat_003936.jpg,7
cat/pixabay_cat_003937.jpg,7
cat/pixabay_cat_003938.jpg,7
cat/pixabay_cat_003939.jpg,5
cat/pixabay_cat_003940.jpg,7
cat/pixabay_cat_003941.jpg,7
cat/pixabay_cat_003942.jpg,7
cat/pixabay_cat_003943.jpg,7
cat/pixabay_cat_003944.jpg,7
cat/pixabay_cat_003945.jpg,1
cat/pixabay_cat_003946.jpg,5
cat/pixabay_cat_003947.jpg,5
cat/pixabay_cat_003948.jpg,1
cat/pixabay_cat_003949.jpg,7
cat/pixabay_cat_003950.jpg,5
cat/pixabay_cat_003951.jpg,7
cat/pixabay_cat_003952.jpg,7
cat/pixabay_cat_003953.jpg,7
cat/pixabay_cat_003954.jpg,5
cat/pixabay_cat_003955.jpg,5
cat/pixabay_cat_003956.jpg,7
cat/pixabay_cat_003957.jpg,7
cat/pixabay_cat_003958.jpg,7
cat/pixabay_cat_003959.jpg,7
cat/pixabay_cat_003960.jpg,5
cat/pixabay_cat_003961.jpg,5
cat/pixabay_cat_003962.jpg,7
cat/pixabay_cat_003963.jpg,7
cat/pixabay_cat_003965.jpg,5
cat/pixabay_cat_003966.jpg,1
cat/pixabay_cat_003967.jpg,7
cat/pixabay_cat_003968.jpg,7
cat/pixabay_cat_003969.jpg,1
cat/pixabay_cat_003970.jpg,7
cat/pixabay_cat_003971.jpg,7
cat/pixabay_cat_003972.jpg,1
cat/pixabay_cat_003973.jpg,5
cat/pixabay_cat_003974.jpg,5
cat/pixabay_cat_003975.jpg,5
cat/pixabay_cat_003976.jpg,5
cat/pixabay_cat_003978.jpg,7
cat/pixabay_cat_003979.jpg,7
cat/pixabay_cat_003980.jpg,1
cat/pixabay_cat_003981.jpg,7
cat/pixabay_cat_003982.jpg,1
cat/pixabay_cat_003983.jpg,5
cat/pixabay_cat_003984.jpg,5
cat/pixabay_cat_003985.jpg,5
cat/pixabay_cat_003987.jpg,7
cat/pixabay_cat_003988.jpg,1
cat/pixabay_cat_003989.jpg,7
cat/pixabay_cat_003990.jpg,7
cat/pixabay_cat_003991.jpg,5
cat/pixabay_cat_003992.jpg,5
cat/pixabay_cat_003993.jpg,7
cat/pixabay_cat_003994.jpg,1
cat/pixabay_cat_003995.jpg,5
cat/pixabay_cat_003996.jpg,1
cat/pixabay_cat_003997.jpg,5
cat/pixabay_cat_003998.jpg,5
cat/pixabay_cat_003999.jpg,1
cat/pixabay_cat_004000.jpg,5
cat/pixabay_cat_004001.jpg,5
cat/pixabay_cat_004002.jpg,1
cat/pixabay_cat_004003.jpg,7
cat/pixabay_cat_004004.jpg,7
cat/pixabay_cat_004005.jpg,7
cat/pixabay_cat_004006.jpg,5
cat/pixabay_cat_004007.jpg,7
cat/pixabay_cat_004008.jpg,5
cat/pixabay_cat_004009.jpg,7
cat/pixabay_cat_004010.jpg,7
cat/pixabay_cat_004012.jpg,7
cat/pixabay_cat_004013.jpg,1
cat/pixabay_cat_004014.jpg,7
cat/pixabay_cat_004015.jpg,1
cat/pixabay_cat_004016.jpg,7
cat/pixabay_cat_004017.jpg,1
cat/pixabay_cat_004018.jpg,5
cat/pixabay_cat_004020.jpg,1
cat/pixabay_cat_004021.jpg,1
cat/pixabay_cat_004022.jpg,7
cat/pixabay_cat_004023.jpg,7
cat/pixabay_cat_004024.jpg,7
cat/pixabay_cat_004025.jpg,5
cat/pixabay_cat_004026.jpg,5
cat/pixabay_cat_004027.jpg,5
cat/pixabay_cat_004028.jpg,5
cat/pixabay_cat_004030.jpg,1
cat/pixabay_cat_004031.jpg,7
cat/pixabay_cat_004032.jpg,7
cat/pixabay_cat_004033.jpg,5
cat/pixabay_cat_004034.jpg,5
cat/pixabay_cat_004035.jpg,7
cat/pixabay_cat_004036.jpg,7
cat/pixabay_cat_004037.jpg,1
cat/pixabay_cat_004038.jpg,5
cat/pixabay_cat_004040.jpg,5
cat/pixabay_cat_004041.jpg,1
cat/pixabay_cat_004042.jpg,7
cat/pixabay_cat_004043.jpg,7
cat/pixabay_cat_004045.jpg,5
cat/pixabay_cat_004046.jpg,5
cat/pixabay_cat_004047.jpg,7
cat/pixabay_cat_004048.jpg,7
cat/pixabay_cat_004049.jpg,1
cat/pixabay_cat_004050.jpg,5
cat/pixabay_cat_004051.jpg,1
cat/pixabay_cat_004052.jpg,5
cat/pixabay_cat_004053.jpg,7
cat/pixabay_cat_004054.jpg,7
cat/pixabay_cat_004055.jpg,1
cat/pixabay_cat_004056.jpg,5
cat/pixabay_cat_004057.jpg,1
cat/pixabay_cat_004058.jpg,1
cat/pixabay_cat_004059.jpg,1
cat/pixabay_cat_004060.jpg,7
cat/pixabay_cat_004061.jpg,7
cat/pixabay_cat_004062.jpg,5
cat/pixabay_cat_004064.jpg,7
cat/pixabay_cat_004065.jpg,5
cat/pixabay_cat_004066.jpg,5
cat/pixabay_cat_004067.jpg,5
cat/pixabay_cat_004068.jpg,1
cat/pixabay_cat_004069.jpg,1
cat/pixabay_cat_004070.jpg,7
cat/pixabay_cat_004071.jpg,7
cat/pixabay_cat_004072.jpg,7
cat/pixabay_cat_004073.jpg,5
cat/pixabay_cat_004074.jpg,7
cat/pixabay_cat_004075.jpg,5
cat/pixabay_cat_004076.jpg,5
cat/pixabay_cat_004077.jpg,1
cat/pixabay_cat_004078.jpg,1
cat/pixabay_cat_004079.jpg,7
cat/pixabay_cat_004080.jpg,7
cat/pixabay_cat_004081.jpg,5
cat/pixabay_cat_004082.jpg,7
cat/pixabay_cat_004083.jpg,5
cat/pixabay_cat_004084.jpg,5
cat/pixabay_cat_004085.jpg,7
cat/pixabay_cat_004086.jpg,7
cat/pixabay_cat_004087.jpg,5
cat/pixabay_cat_004088.jpg,5
cat/pixabay_cat_004089.jpg,5
cat/pixabay_cat_004090.jpg,7
cat/pixabay_cat_004091.jpg,1
cat/pixabay_cat_004093.jpg,7
cat/pixabay_cat_004094.jpg,5
cat/pixabay_cat_004095.jpg,5
cat/pixabay_cat_004096.jpg,7
cat/pixabay_cat_004097.jpg,7
cat/pixabay_cat_004098.jpg,5
cat/pixabay_cat_004099.jpg,5
cat/pixabay_cat_004100.jpg,5
cat/pixabay_cat_004101.jpg,1
cat/pixabay_cat_004103.jpg,5
cat/pixabay_cat_004105.jpg,5
cat/pixabay_cat_004106.jpg,7
cat/pixabay_cat_004107.jpg,5
cat/pixabay_cat_004108.jpg,5
cat/pixabay_cat_004109.jpg,7
cat/pixabay_cat_004110.jpg,5
cat/pixabay_cat_004111.jpg,7
cat/pixabay_cat_004112.jpg,7
cat/pixabay_cat_004113.jpg,5
cat/pixabay_cat_004114.jpg,5
cat/pixabay_cat_004115.jpg,7
cat/pixabay_cat_004116.jpg,5
cat/pixabay_cat_004117.jpg,7
cat/pixabay_cat_004118.jpg,7
cat/pixabay_cat_004119.jpg,5
cat/pixabay_cat_004120.jpg,5
cat/pixabay_cat_004121.jpg,7
cat/pixabay_cat_004122.jpg,7
cat/pixabay_cat_004123.jpg,7
cat/pixabay_cat_004124.jpg,5
cat/pixabay_cat_004125.jpg,7
cat/pixabay_cat_004126.jpg,1
cat/pixabay_cat_004127.jpg,7
cat/pixabay_cat_004128.jpg,7
cat/pixabay_cat_004129.jpg,7
cat/pixabay_cat_004130.jpg,5
cat/pixabay_cat_004131.jpg,7
cat/pixabay_cat_004132.jpg,7
cat/pixabay_cat_004133.jpg,7
cat/pixabay_cat_004134.jpg,7
cat/pixabay_cat_004135.jpg,5
cat/pixabay_cat_004136.jpg,7
cat/pixabay_cat_004137.jpg,7
cat/pixabay_cat_004138.jpg,5
cat/pixabay_cat_004139.jpg,1
cat/pixabay_cat_004140.jpg,7
cat/pixabay_cat_004141.jpg,5
cat/pixabay_cat_004142.jpg,5
cat/pixabay_cat_004143.jpg,1
cat/pixabay_cat_004144.jpg,7
cat/pixabay_cat_004145.jpg,1
cat/pixabay_cat_004147.jpg,5
cat/pixabay_cat_004148.jpg,5
cat/pixabay_cat_004149.jpg,7
cat/pixabay_cat_004150.jpg,1
cat/pixabay_cat_004151.jpg,5
cat/pixabay_cat_004152.jpg,7
cat/pixabay_cat_004153.jpg,7
cat/pixabay_cat_004154.jpg,5
cat/pixabay_cat_004155.jpg,1
cat/pixabay_cat_004156.jpg,7
cat/pixabay_cat_004157.jpg,1
cat/pixabay_cat_004158.jpg,7
cat/pixabay_cat_004159.jpg,1
cat/pixabay_cat_004160.jpg,1
cat/pixabay_cat_004161.jpg,5
cat/pixabay_cat_004162.jpg,1
cat/pixabay_cat_004163.jpg,1
cat/pixabay_cat_004164.jpg,7
cat/pixabay_cat_004165.jpg,7
cat/pixabay_cat_004168.jpg,7
cat/pixabay_cat_004169.jpg,7
cat/pixabay_cat_004170.jpg,7
cat/pixabay_cat_004172.jpg,7
cat/pixabay_cat_004173.jpg,7
cat/pixabay_cat_004174.jpg,5
cat/pixabay_cat_004175.jpg,1
cat/pixabay_cat_004176.jpg,7
cat/pixabay_cat_004177.jpg,7
cat/pixabay_cat_004180.jpg,1
cat/pixabay_cat_004181.jpg,1
cat/pixabay_cat_004182.jpg,5
cat/pixabay_cat_004183.jpg,5
cat/pixabay_cat_004184.jpg,5
cat/pixabay_cat_004185.jpg,5
cat/pixabay_cat_004186.jpg,7
cat/pixabay_cat_004187.jpg,1
cat/pixabay_cat_004190.jpg,7
cat/pixabay_cat_004191.jpg,5
cat/pixabay_cat_004192.jpg,5
cat/pixabay_cat_004193.jpg,1
cat/pixabay_cat_004194.jpg,7
cat/pixabay_cat_004195.jpg,7
cat/pixabay_cat_004196.jpg,7
cat/pixabay_cat_004197.jpg,1
cat/pixabay_cat_004198.jpg,1
cat/pixabay_cat_004199.jpg,1
cat/pixabay_cat_004200.jpg,7
cat/pixabay_cat_004201.jpg,1
cat/pixabay_cat_004202.jpg,5
cat/pixabay_cat_004203.jpg,5
cat/pixabay_cat_004204.jpg,1
cat/pixabay_cat_004205.jpg,5
cat/pixabay_cat_004206.jpg,7
cat/pixabay_cat_004207.jpg,5
cat/pixabay_cat_004208.jpg,5
cat/pixabay_cat_004209.jpg,5
cat/pixabay_cat_004210.jpg,5
cat/pixabay_cat_004211.jpg,1
cat/pixabay_cat_004212.jpg,1
cat/pixabay_cat_004213.jpg,7
cat/pixabay_cat_004214.jpg,5
cat/pixabay_cat_004215.jpg,7
cat/pixabay_cat_004216.jpg,7
cat/pixabay_cat_004218.jpg,1
cat/pixabay_cat_004219.jpg,7
cat/pixabay_cat_004220.jpg,1
cat/pixabay_cat_004221.jpg,5
cat/pixabay_cat_004222.jpg,7
cat/pixabay_cat_004223.jpg,1
cat/pixabay_cat_004224.jpg,1
cat/pixabay_cat_004225.jpg,5
cat/pixabay_cat_004226.jpg,5
cat/pixabay_cat_004227.jpg,7
cat/pixabay_cat_004228.jpg,7
cat/pixabay_cat_004229.jpg,1
cat/pixabay_cat_004230.jpg,5
cat/pixabay_cat_004232.jpg,7
cat/pixabay_cat_004233.jpg,5
cat/pixabay_cat_004234.jpg,1
cat/pixabay_cat_004235.jpg,5
cat/pixabay_cat_004236.jpg,7
cat/pixabay_cat_004238.jpg,7
cat/pixabay_cat_004239.jpg,5
cat/pixabay_cat_004240.jpg,7
cat/pixabay_cat_004241.jpg,7
cat/pixabay_cat_004242.jpg,7
cat/pixabay_cat_004243.jpg,7
cat/pixabay_cat_004244.jpg,5
cat/pixabay_cat_004245.jpg,7
cat/pixabay_cat_004246.jpg,5
cat/pixabay_cat_004247.jpg,1
cat/pixabay_cat_004248.jpg,1
cat/pixabay_cat_004249.jpg,7
cat/pixabay_cat_004250.jpg,5
cat/pixabay_cat_004251.jpg,5
cat/pixabay_cat_004252.jpg,7
cat/pixabay_cat_004253.jpg,5
cat/pixabay_cat_004254.jpg,7
cat/pixabay_cat_004255.jpg,1
cat/pixabay_cat_004257.jpg,5
cat/pixabay_cat_004258.jpg,5
cat/pixabay_cat_004259.jpg,7
cat/pixabay_cat_004260.jpg,1
cat/pixabay_cat_004261.jpg,1
cat/pixabay_cat_004262.jpg,7
cat/pixabay_cat_004263.jpg,7
cat/pixabay_cat_004264.jpg,5
cat/pixabay_cat_004265.jpg,7
cat/pixabay_cat_004266.jpg,5
cat/pixabay_cat_004267.jpg,7
cat/pixabay_cat_004268.jpg,7
cat/pixabay_cat_004269.jpg,7
cat/pixabay_cat_004270.jpg,7
cat/pixabay_cat_004271.jpg,1
cat/pixabay_cat_004272.jpg,5
cat/pixabay_cat_004273.jpg,7
cat/pixabay_cat_004274.jpg,7
cat/pixabay_cat_004275.jpg,7
cat/pixabay_cat_004276.jpg,7
cat/pixabay_cat_004277.jpg,7
cat/pixabay_cat_004278.jpg,7
cat/pixabay_cat_004279.jpg,5
cat/pixabay_cat_004280.jpg,1
cat/pixabay_cat_004281.jpg,5
cat/pixabay_cat_004282.jpg,7
cat/pixabay_cat_004283.jpg,1
cat/pixabay_cat_004284.jpg,7
cat/pixabay_cat_004285.jpg,7
cat/pixabay_cat_004286.jpg,5
cat/pixabay_cat_004287.jpg,5
cat/pixabay_cat_004288.jpg,5
cat/pixabay_cat_004289.jpg,5
cat/pixabay_cat_004290.jpg,7
cat/pixabay_cat_004291.jpg,5
cat/pixabay_cat_004292.jpg,5
cat/pixabay_cat_004293.jpg,5
cat/pixabay_cat_004294.jpg,7
cat/pixabay_cat_004295.jpg,7
cat/pixabay_cat_004296.jpg,5
cat/pixabay_cat_004298.jpg,7
cat/pixabay_cat_004299.jpg,5
cat/pixabay_cat_004300.jpg,1
cat/pixabay_cat_004301.jpg,5
cat/pixabay_cat_004302.jpg,1
cat/pixabay_cat_004304.jpg,5
cat/pixabay_cat_004305.jpg,5
cat/pixabay_cat_004306.jpg,7
cat/pixabay_cat_004307.jpg,7
cat/pixabay_cat_004308.jpg,1
cat/pixabay_cat_004309.jpg,7
cat/pixabay_cat_004310.jpg,1
cat/pixabay_cat_004312.jpg,5
cat/pixabay_cat_004313.jpg,1
cat/pixabay_cat_004314.jpg,7
cat/pixabay_cat_004315.jpg,1
cat/pixabay_cat_004316.jpg,7
cat/pixabay_cat_004317.jpg,1
cat/pixabay_cat_004318.jpg,5
cat/pixabay_cat_004319.jpg,1
cat/pixabay_cat_004320.jpg,7
cat/pixabay_cat_004321.jpg,7
cat/pixabay_cat_004322.jpg,7
cat/pixabay_cat_004323.jpg,7
cat/pixabay_cat_004324.jpg,7
cat/pixabay_cat_004325.jpg,1
cat/pixabay_cat_004326.jpg,7
cat/pixabay_cat_004327.jpg,7
cat/pixabay_cat_004328.jpg,7
cat/pixabay_cat_004329.jpg,7
cat/pixabay_cat_004330.jpg,7
cat/pixabay_cat_004331.jpg,5
cat/pixabay_cat_004332.jpg,5
cat/pixabay_cat_004333.jpg,7
cat/pixabay_cat_004335.jpg,1
cat/pixabay_cat_004336.jpg,7
cat/pixabay_cat_004338.jpg,5
cat/pixabay_cat_004339.jpg,1
cat/pixabay_cat_004340.jpg,5
cat/pixabay_cat_004341.jpg,1
cat/pixabay_cat_004342.jpg,1
cat/pixabay_cat_004344.jpg,7
cat/pixabay_cat_004345.jpg,7
cat/pixabay_cat_004346.jpg,1
cat/pixabay_cat_004347.jpg,1
cat/pixabay_cat_004348.jpg,7
cat/pixabay_cat_004349.jpg,7
cat/pixabay_cat_004350.jpg,7
cat/pixabay_cat_004351.jpg,7
cat/pixabay_cat_004352.jpg,1
cat/pixabay_cat_004353.jpg,7
cat/pixabay_cat_004354.jpg,7
cat/pixabay_cat_004355.jpg,1
cat/pixabay_cat_004356.jpg,7
cat/pixabay_cat_004357.jpg,7
cat/pixabay_cat_004359.jpg,7
cat/pixabay_cat_004360.jpg,7
cat/pixabay_cat_004361.jpg,5
cat/pixabay_cat_004362.jpg,7
cat/pixabay_cat_004363.jpg,5
cat/pixabay_cat_004364.jpg,7
cat/pixabay_cat_004365.jpg,1
cat/pixabay_cat_004366.jpg,5
cat/pixabay_cat_004367.jpg,7
cat/pixabay_cat_004368.jpg,7
cat/pixabay_cat_004369.jpg,1
cat/pixabay_cat_004370.jpg,5
cat/pixabay_cat_004371.jpg,7
cat/pixabay_cat_004372.jpg,7
cat/pixabay_cat_004374.jpg,7
cat/pixabay_cat_004375.jpg,1
cat/pixabay_cat_004376.jpg,7
cat/pixabay_cat_004377.jpg,5
cat/pixabay_cat_004378.jpg,7
cat/pixabay_cat_004380.jpg,5
cat/pixabay_cat_004381.jpg,7
cat/pixabay_cat_004382.jpg,5
cat/pixabay_cat_004383.jpg,7
cat/pixabay_cat_004384.jpg,7
cat/pixabay_cat_004385.jpg,1
cat/pixabay_cat_004386.jpg,5
cat/pixabay_cat_004387.jpg,5
cat/pixabay_cat_004388.jpg,7
cat/pixabay_cat_004389.jpg,7
cat/pixabay_cat_004390.jpg,5
cat/pixabay_cat_004391.jpg,1
cat/pixabay_cat_004392.jpg,7
cat/pixabay_cat_004393.jpg,5
cat/pixabay_cat_004394.jpg,5
cat/pixabay_cat_004395.jpg,7
cat/pixabay_cat_004396.jpg,0
cat/pixabay_cat_004397.jpg,5
cat/pixabay_cat_004398.jpg,7
cat/pixabay_cat_004399.jpg,5
cat/pixabay_cat_004400.jpg,7
cat/pixabay_cat_004401.jpg,1
cat/pixabay_cat_004402.jpg,7
cat/pixabay_cat_004403.jpg,5
cat/pixabay_cat_004404.jpg,7
cat/pixabay_cat_004405.jpg,5
cat/pixabay_cat_004406.jpg,7
cat/pixabay_cat_004407.jpg,7
cat/pixabay_cat_004408.jpg,7
cat/pixabay_cat_004409.jpg,7
cat/pixabay_cat_004410.jpg,7
cat/pixabay_cat_004411.jpg,1
cat/pixabay_cat_004412.jpg,5
cat/pixabay_cat_004413.jpg,5
cat/pixabay_cat_004414.jpg,5
cat/pixabay_cat_004416.jpg,7
cat/pixabay_cat_004417.jpg,7
cat/pixabay_cat_004418.jpg,5
cat/pixabay_cat_004419.jpg,5
cat/pixabay_cat_004420.jpg,5
cat/pixabay_cat_004423.jpg,7
cat/pixabay_cat_004424.jpg,7
cat/pixabay_cat_004425.jpg,7
cat/pixabay_cat_004426.jpg,5
cat/pixabay_cat_004427.jpg,7
cat/pixabay_cat_004428.jpg,1
cat/pixabay_cat_004429.jpg,7
cat/pixabay_cat_004430.jpg,7
cat/pixabay_cat_004431.jpg,0
cat/pixabay_cat_004432.jpg,5
cat/pixabay_cat_004433.jpg,5
cat/pixabay_cat_004435.jpg,7
cat/pixabay_cat_004436.jpg,7
cat/pixabay_cat_004437.jpg,7
cat/pixabay_cat_004438.jpg,7
cat/pixabay_cat_004439.jpg,5
cat/pixabay_cat_004440.jpg,5
cat/pixabay_cat_004441.jpg,7
cat/pixabay_cat_004442.jpg,5
cat/pixabay_cat_004443.jpg,7
cat/pixabay_cat_004444.jpg,7
cat/pixabay_cat_004445.jpg,0
cat/pixabay_cat_004446.jpg,7
cat/pixabay_cat_004447.jpg,1
cat/pixabay_cat_004448.jpg,5
cat/pixabay_cat_004449.jpg,5
cat/pixabay_cat_004450.jpg,7
cat/pixabay_cat_004451.jpg,7
cat/pixabay_cat_004452.jpg,1
cat/pixabay_cat_004453.jpg,7
cat/pixabay_cat_004454.jpg,7
cat/pixabay_cat_004455.jpg,7
cat/pixabay_cat_004456.jpg,1
cat/pixabay_cat_004457.jpg,1
cat/pixabay_cat_004458.jpg,5
cat/pixabay_cat_004459.jpg,7
cat/pixabay_cat_004460.jpg,5
cat/pixabay_cat_004462.jpg,1
cat/pixabay_cat_004463.jpg,1
cat/pixabay_cat_004464.jpg,5
cat/pixabay_cat_004465.jpg,7
cat/pixabay_cat_004466.jpg,1
cat/pixabay_cat_004467.jpg,5
cat/pixabay_cat_004468.jpg,7
cat/pixabay_cat_004469.jpg,1
cat/pixabay_cat_004470.jpg,1
cat/pixabay_cat_004471.jpg,1
cat/pixabay_cat_004472.jpg,1
cat/pixabay_cat_004473.jpg,5
cat/pixabay_cat_004474.jpg,7
cat/pixabay_cat_004475.jpg,7
cat/pixabay_cat_004476.jpg,5
cat/pixabay_cat_004477.jpg,1
cat/pixabay_cat_004478.jpg,5
cat/pixabay_cat_004479.jpg,7
cat/pixabay_cat_004481.jpg,7
cat/pixabay_cat_004483.jpg,5
cat/pixabay_cat_004485.jpg,7
cat/pixabay_cat_004486.jpg,7
cat/pixabay_cat_004487.jpg,5
cat/pixabay_cat_004488.jpg,5
cat/pixabay_cat_004489.jpg,1
cat/pixabay_cat_004490.jpg,7
cat/pixabay_cat_004491.jpg,7
cat/pixabay_cat_004492.jpg,5
cat/pixabay_cat_004493.jpg,1
cat/pixabay_cat_004494.jpg,5
cat/pixabay_cat_004495.jpg,1
cat/pixabay_cat_004496.jpg,7
cat/pixabay_cat_004497.jpg,7
cat/pixabay_cat_004498.jpg,7
cat/pixabay_cat_004499.jpg,5
cat/pixabay_cat_004500.jpg,5
cat/pixabay_cat_004501.jpg,1
cat/pixabay_cat_004502.jpg,5
cat/pixabay_cat_004503.jpg,5
cat/pixabay_cat_004504.jpg,1
cat/pixabay_cat_004506.jpg,5
cat/pixabay_cat_004507.jpg,1
cat/pixabay_cat_004508.jpg,7
cat/pixabay_cat_004509.jpg,1
cat/pixabay_cat_004511.jpg,7
cat/pixabay_cat_004512.jpg,7
cat/pixabay_cat_004514.jpg,5
cat/pixabay_cat_004515.jpg,5
cat/pixabay_cat_004516.jpg,7
cat/pixabay_cat_004517.jpg,7
cat/pixabay_cat_004518.jpg,5
cat/pixabay_cat_004519.jpg,1
cat/pixabay_cat_004521.jpg,1
cat/pixabay_cat_004522.jpg,7
cat/pixabay_cat_004523.jpg,7
cat/pixabay_cat_004524.jpg,5
cat/pixabay_cat_004525.jpg,7
cat/pixabay_cat_004526.jpg,1
cat/pixabay_cat_004527.jpg,5
cat/pixabay_cat_004528.jpg,7
cat/pixabay_cat_004529.jpg,7
cat/pixabay_cat_004530.jpg,7
cat/pixabay_cat_004531.jpg,5
cat/pixabay_cat_004532.jpg,5
cat/pixabay_cat_004533.jpg,1
cat/pixabay_cat_004534.jpg,7
cat/pixabay_cat_004535.jpg,5
cat/pixabay_cat_004536.jpg,1
cat/pixabay_cat_004537.jpg,5
cat/pixabay_cat_004538.jpg,5
cat/pixabay_cat_004539.jpg,7
cat/pixabay_cat_004540.jpg,7
cat/pixabay_cat_004541.jpg,7
cat/pixabay_cat_004544.jpg,7
cat/pixabay_cat_004545.jpg,1
cat/pixabay_cat_004546.jpg,7
cat/pixabay_cat_004547.jpg,5
cat/pixabay_cat_004549.jpg,5
cat/pixabay_cat_004550.jpg,7
cat/pixabay_cat_004551.jpg,5
cat/pixabay_cat_004552.jpg,5
cat/pixabay_cat_004553.jpg,7
cat/pixabay_cat_004554.jpg,7
cat/pixabay_cat_004555.jpg,7
cat/pixabay_cat_004556.jpg,7
cat/pixabay_cat_004557.jpg,5
cat/pixabay_cat_004558.jpg,7
cat/pixabay_cat_004559.jpg,1
cat/pixabay_cat_004560.jpg,5
cat/pixabay_cat_004561.jpg,7
cat/pixabay_cat_004563.jpg,7
cat/pixabay_cat_004564.jpg,1
cat/pixabay_cat_004565.jpg,5
cat/pixabay_cat_004566.jpg,7
cat/pixabay_cat_004567.jpg,1
cat/pixabay_cat_004568.jpg,7
cat/pixabay_cat_004569.jpg,7
cat/pixabay_cat_004570.jpg,7
cat/pixabay_cat_004571.jpg,7
cat/pixabay_cat_004572.jpg,5
cat/pixabay_cat_004573.jpg,5
cat/pixabay_cat_004574.jpg,7
cat/pixabay_cat_004575.jpg,7
cat/pixabay_cat_004576.jpg,5
cat/pixabay_cat_004577.jpg,7
cat/pixabay_cat_004578.jpg,0
cat/pixabay_cat_004579.jpg,1
cat/pixabay_cat_004580.jpg,1
cat/pixabay_cat_004581.jpg,1
cat/pixabay_cat_004582.jpg,5
cat/pixabay_cat_004583.jpg,1
cat/pixabay_cat_004585.jpg,7
cat/pixabay_cat_004587.jpg,7
cat/pixabay_cat_004588.jpg,5
cat/pixabay_cat_004589.jpg,5
cat/pixabay_cat_004590.jpg,7
cat/pixabay_cat_004591.jpg,7
cat/pixabay_cat_004592.jpg,5
cat/pixabay_cat_004593.jpg,7
cat/pixabay_cat_004594.jpg,1
cat/pixabay_cat_004597.jpg,7
cat/pixabay_cat_004598.jpg,7
cat/pixabay_cat_004599.jpg,1
cat/pixabay_cat_004600.jpg,5
cat/pixabay_cat_004603.jpg,7
cat/pixabay_cat_004604.jpg,7
cat/pixabay_cat_004605.jpg,7
cat/pixabay_cat_004606.jpg,1
cat/pixabay_cat_004607.jpg,7
cat/pixabay_cat_004608.jpg,1
cat/pixabay_cat_004609.jpg,1
cat/pixabay_cat_004610.jpg,7
cat/pixabay_cat_004611.jpg,7
cat/pixabay_cat_004612.jpg,5
cat/pixabay_cat_004613.jpg,1
cat/pixabay_cat_004614.jpg,7
cat/pixabay_cat_004615.jpg,7
cat/pixabay_cat_004617.jpg,7
cat/pixabay_cat_004618.jpg,5
cat/pixabay_cat_004619.jpg,1
cat/pixabay_cat_004620.jpg,1
cat/pixabay_cat_004621.jpg,7
cat/pixabay_cat_004622.jpg,5
cat/pixabay_cat_004623.jpg,7
cat/pixabay_cat_004624.jpg,1
cat/pixabay_cat_004626.jpg,1
cat/pixabay_cat_004627.jpg,7
cat/pixabay_cat_004628.jpg,7
cat/pixabay_cat_004629.jpg,7
cat/pixabay_cat_004630.jpg,0
cat/pixabay_cat_004631.jpg,7
cat/pixabay_cat_004632.jpg,7
cat/pixabay_cat_004633.jpg,7
cat/pixabay_cat_004634.jpg,7
cat/pixabay_cat_004637.jpg,7
cat/pixabay_cat_004638.jpg,5
cat/pixabay_cat_004639.jpg,1
cat/pixabay_cat_004640.jpg,7
cat/pixabay_cat_004641.jpg,5
cat/pixabay_cat_004642.jpg,5
cat/pixabay_cat_004643.jpg,5
cat/pixabay_cat_004644.jpg,5
cat/pixabay_cat_004645.jpg,1
cat/pixabay_cat_004646.jpg,1
cat/pixabay_cat_004647.jpg,5
cat/pixabay_cat_004648.jpg,7
cat/pixabay_cat_004649.jpg,7
cat/pixabay_cat_004650.jpg,7
cat/pixabay_cat_004651.jpg,7
cat/pixabay_cat_004653.jpg,5
cat/pixabay_cat_004654.jpg,0
cat/pixabay_cat_004656.jpg,7
cat/pixabay_cat_004657.jpg,5
cat/pixabay_cat_004658.jpg,7
cat/pixabay_cat_004659.jpg,1
cat/pixabay_cat_004660.jpg,1
cat/pixabay_cat_004661.jpg,1
cat/pixabay_cat_004664.jpg,7
cat/pixabay_cat_004665.jpg,5
cat/pixabay_cat_004666.jpg,5
cat/pixabay_cat_004667.jpg,5
cat/pixabay_cat_004668.jpg,5
cat/pixabay_cat_004669.jpg,7
cat/pixabay_cat_004670.jpg,0
cat/pixabay_cat_004671.jpg,1
cat/pixabay_cat_004672.jpg,1
cat/pixabay_cat_004673.jpg,7
cat/pixabay_cat_004674.jpg,1
cat/pixabay_cat_004675.jpg,1
cat/pixabay_cat_004676.jpg,7
cat/pixabay_cat_004677.jpg,1
cat/pixabay_cat_004678.jpg,7
cat/pixabay_cat_004679.jpg,1
cat/pixabay_cat_004680.jpg,7
cat/pixabay_cat_004681.jpg,7
cat/pixabay_cat_004682.jpg,7
cat/pixabay_cat_004683.jpg,7
cat/pixabay_cat_004684.jpg,1
cat/pixabay_cat_004686.jpg,1
cat/pixabay_cat_004687.jpg,5
cat/pixabay_cat_004688.jpg,1
cat/pixabay_cat_004689.jpg,1
cat/pixabay_cat_004690.jpg,7
cat/pixabay_cat_004691.jpg,7
cat/pixabay_cat_004692.jpg,7
cat/pixabay_cat_004694.jpg,7
cat/pixabay_cat_004695.jpg,5
cat/pixabay_cat_004696.jpg,5
cat/pixabay_cat_004697.jpg,1
cat/pixabay_cat_004698.jpg,7
cat/pixabay_cat_004699.jpg,7
cat/pixabay_cat_004700.jpg,1
cat/pixabay_cat_004701.jpg,1
cat/pixabay_cat_004702.jpg,5
cat/pixabay_cat_004703.jpg,7
cat/pixabay_cat_004704.jpg,5
cat/pixabay_cat_004705.jpg,5
cat/pixabay_cat_004706.jpg,5
cat/pixabay_cat_004707.jpg,5
cat/pixabay_cat_004708.jpg,7
cat/pixabay_cat_004709.jpg,7
cat/pixabay_cat_004710.jpg,7
cat/pixabay_cat_004711.jpg,7
cat/pixabay_cat_004712.jpg,7
cat/pixabay_cat_004713.jpg,7
cat/pixabay_cat_004714.jpg,7
cat/pixabay_cat_004715.jpg,5
cat/pixabay_cat_004716.jpg,1
cat/pixabay_cat_004717.jpg,5
cat/pixabay_cat_004718.jpg,7
cat/pixabay_cat_004719.jpg,1
cat/pixabay_cat_004720.jpg,5
cat/pixabay_cat_004721.jpg,7
cat/pixabay_cat_004722.jpg,5
cat/pixabay_cat_004723.jpg,7
cat/pixabay_cat_004724.jpg,5
cat/pixabay_cat_004725.jpg,1
cat/pixabay_cat_004726.jpg,1
cat/pixabay_cat_004727.jpg,5
cat/pixabay_cat_004728.jpg,5
cat/pixabay_cat_004729.jpg,5
cat/pixabay_cat_004730.jpg,7
cat/pixabay_cat_004731.jpg,1
cat/pixabay_cat_004732.jpg,7
cat/pixabay_cat_004733.jpg,1
cat/pixabay_cat_004734.jpg,7
cat/pixabay_cat_004735.jpg,7
cat/pixabay_cat_004736.jpg,5
cat/pixabay_cat_004737.jpg,7
cat/pixabay_cat_004738.jpg,7
cat/pixabay_cat_004739.jpg,1
cat/pixabay_cat_004740.jpg,5
cat/pixabay_cat_004741.jpg,7
cat/pixabay_cat_004742.jpg,7
cat/pixabay_cat_004743.jpg,7
cat/pixabay_cat_004744.jpg,7
cat/pixabay_cat_004745.jpg,7
cat/pixabay_cat_004746.jpg,7
cat/pixabay_cat_004747.jpg,7
cat/pixabay_cat_004748.jpg,1
cat/pixabay_cat_004749.jpg,1
cat/pixabay_cat_004750.jpg,5
cat/pixabay_cat_004751.jpg,5
cat/pixabay_cat_004752.jpg,7
cat/pixabay_cat_004753.jpg,1
cat/pixabay_cat_004754.jpg,5
cat/pixabay_cat_004755.jpg,1
cat/pixabay_cat_004756.jpg,7
cat/pixabay_cat_004757.jpg,5
cat/pixabay_cat_004758.jpg,5
cat/pixabay_cat_004760.jpg,1
cat/pixabay_cat_004761.jpg,7
cat/pixabay_cat_004762.jpg,5
cat/pixabay_cat_004763.jpg,7
cat/pixabay_cat_004764.jpg,1
cat/pixabay_cat_004767.jpg,7
cat/pixabay_cat_004768.jpg,7
cat/pixabay_cat_004769.jpg,7
cat/pixabay_cat_004770.jpg,7
cat/pixabay_cat_004771.jpg,5
cat/pixabay_cat_004772.jpg,7
cat/pixabay_cat_004773.jpg,5
cat/pixabay_cat_004774.jpg,1
cat/pixabay_cat_004775.jpg,7
cat/pixabay_cat_004776.jpg,5
cat/pixabay_cat_004777.jpg,5
cat/pixabay_cat_004778.jpg,1
cat/pixabay_cat_004779.jpg,7
cat/pixabay_cat_004780.jpg,0
cat/pixabay_cat_004781.jpg,5
cat/pixabay_cat_004785.jpg,5
cat/pixabay_cat_004786.jpg,5
cat/pixabay_cat_004787.jpg,1
cat/pixabay_cat_004788.jpg,7
cat/pixabay_cat_004789.jpg,7
cat/pixabay_cat_004790.jpg,7
cat/pixabay_cat_004791.jpg,5
cat/pixabay_cat_004792.jpg,1
cat/pixabay_cat_004794.jpg,5
cat/pixabay_cat_004795.jpg,5
cat/pixabay_cat_004796.jpg,7
cat/pixabay_cat_004797.jpg,5
cat/pixabay_cat_004798.jpg,5
cat/pixabay_cat_004799.jpg,7
cat/pixabay_cat_004800.jpg,5
cat/pixabay_cat_004801.jpg,5
cat/pixabay_cat_004802.jpg,1
cat/pixabay_cat_004803.jpg,7
cat/pixabay_cat_004804.jpg,7
cat/pixabay_cat_004805.jpg,1
cat/pixabay_cat_004806.jpg,5
cat/pixabay_cat_004807.jpg,7
cat/pixabay_cat_004809.jpg,5
cat/pixabay_cat_004810.jpg,1
cat/pixabay_cat_004811.jpg,0
cat/pixabay_cat_004812.jpg,7
cat/pixabay_cat_004813.jpg,5
cat/pixabay_cat_004814.jpg,7
cat/pixabay_cat_004815.jpg,5
cat/pixabay_cat_004817.jpg,5
cat/pixabay_cat_004818.jpg,7
cat/pixabay_cat_004819.jpg,5
cat/pixabay_cat_004820.jpg,5
cat/pixabay_cat_004821.jpg,1
cat/pixabay_cat_004822.jpg,5
cat/pixabay_cat_004823.jpg,7
cat/pixabay_cat_004824.jpg,7
cat/pixabay_cat_004825.jpg,7
cat/pixabay_cat_004827.jpg,1
cat/pixabay_cat_004828.jpg,5
cat/pixabay_cat_004829.jpg,7
cat/pixabay_cat_004830.jpg,5
cat/pixabay_cat_004831.jpg,7
cat/pixabay_cat_004833.jpg,5
cat/pixabay_cat_004834.jpg,7
dog/flickr_dog_000002.jpg,0
dog/flickr_dog_000003.jpg,0
dog/flickr_dog_000004.jpg,0
dog/flickr_dog_000005.jpg,6
dog/flickr_dog_000006.jpg,0
dog/flickr_dog_000007.jpg,0
dog/flickr_dog_000008.jpg,0
dog/flickr_dog_000009.jpg,0
dog/flickr_dog_000010.jpg,0
dog/flickr_dog_000011.jpg,0
dog/flickr_dog_000012.jpg,0
dog/flickr_dog_000013.jpg,0
dog/flickr_dog_000014.jpg,0
dog/flickr_dog_000015.jpg,0
dog/flickr_dog_000016.jpg,0
dog/flickr_dog_000017.jpg,0
dog/flickr_dog_000018.jpg,0
dog/flickr_dog_000019.jpg,0
dog/flickr_dog_000020.jpg,0
dog/flickr_dog_000021.jpg,0
dog/flickr_dog_000022.jpg,0
dog/flickr_dog_000023.jpg,0
dog/flickr_dog_000024.jpg,0
dog/flickr_dog_000025.jpg,6
dog/flickr_dog_000026.jpg,0
dog/flickr_dog_000027.jpg,0
dog/flickr_dog_000028.jpg,0
dog/flickr_dog_000029.jpg,6
dog/flickr_dog_000030.jpg,0
dog/flickr_dog_000031.jpg,0
dog/flickr_dog_000032.jpg,0
dog/flickr_dog_000033.jpg,0
dog/flickr_dog_000034.jpg,0
dog/flickr_dog_000035.jpg,0
dog/flickr_dog_000036.jpg,0
dog/flickr_dog_000037.jpg,0
dog/flickr_dog_000038.jpg,0
dog/flickr_dog_000039.jpg,0
dog/flickr_dog_000040.jpg,0
dog/flickr_dog_000041.jpg,0
dog/flickr_dog_000042.jpg,0
dog/flickr_dog_000044.jpg,0
dog/flickr_dog_000046.jpg,0
dog/flickr_dog_000047.jpg,0
dog/flickr_dog_000048.jpg,0
dog/flickr_dog_000049.jpg,0
dog/flickr_dog_000050.jpg,0
dog/flickr_dog_000051.jpg,0
dog/flickr_dog_000052.jpg,0
dog/flickr_dog_000053.jpg,0
dog/flickr_dog_000055.jpg,0
dog/flickr_dog_000056.jpg,0
dog/flickr_dog_000057.jpg,0
dog/flickr_dog_000058.jpg,0
dog/flickr_dog_000061.jpg,0
dog/flickr_dog_000062.jpg,0
dog/flickr_dog_000063.jpg,0
dog/flickr_dog_000064.jpg,0
dog/flickr_dog_000065.jpg,0
dog/flickr_dog_000066.jpg,0
dog/flickr_dog_000067.jpg,0
dog/flickr_dog_000068.jpg,0
dog/flickr_dog_000069.jpg,6
dog/flickr_dog_000070.jpg,0
dog/flickr_dog_000071.jpg,0
dog/flickr_dog_000072.jpg,0
dog/flickr_dog_000073.jpg,6
dog/flickr_dog_000074.jpg,0
dog/flickr_dog_000075.jpg,0
dog/flickr_dog_000076.jpg,0
dog/flickr_dog_000077.jpg,0
dog/flickr_dog_000078.jpg,0
dog/flickr_dog_000080.jpg,0
dog/flickr_dog_000081.jpg,0
dog/flickr_dog_000082.jpg,0
dog/flickr_dog_000083.jpg,0
dog/flickr_dog_000084.jpg,0
dog/flickr_dog_000085.jpg,0
dog/flickr_dog_000086.jpg,0
dog/flickr_dog_000087.jpg,6
dog/flickr_dog_000088.jpg,0
dog/flickr_dog_000089.jpg,0
dog/flickr_dog_000090.jpg,0
dog/flickr_dog_000091.jpg,0
dog/flickr_dog_000092.jpg,0
dog/flickr_dog_000093.jpg,0
dog/flickr_dog_000095.jpg,6
dog/flickr_dog_000096.jpg,0
dog/flickr_dog_000097.jpg,0
dog/flickr_dog_000098.jpg,0
dog/flickr_dog_000099.jpg,0
dog/flickr_dog_000100.jpg,0
dog/flickr_dog_000101.jpg,0
dog/flickr_dog_000102.jpg,0
dog/flickr_dog_000103.jpg,0
dog/flickr_dog_000105.jpg,0
dog/flickr_dog_000106.jpg,0
dog/flickr_dog_000107.jpg,0
dog/flickr_dog_000108.jpg,0
dog/flickr_dog_000109.jpg,0
dog/flickr_dog_000110.jpg,0
dog/flickr_dog_000112.jpg,0
dog/flickr_dog_000113.jpg,0
dog/flickr_dog_000114.jpg,0
dog/flickr_dog_000115.jpg,0
dog/flickr_dog_000117.jpg,0
dog/flickr_dog_000118.jpg,0
dog/flickr_dog_000119.jpg,0
dog/flickr_dog_000120.jpg,0
dog/flickr_dog_000121.jpg,0
dog/flickr_dog_000122.jpg,0
dog/flickr_dog_000123.jpg,0
dog/flickr_dog_000124.jpg,0
dog/flickr_dog_000125.jpg,0
dog/flickr_dog_000126.jpg,0
dog/flickr_dog_000127.jpg,0
dog/flickr_dog_000128.jpg,0
dog/flickr_dog_000129.jpg,6
dog/flickr_dog_000130.jpg,0
dog/flickr_dog_000131.jpg,0
dog/flickr_dog_000132.jpg,0
dog/flickr_dog_000133.jpg,0
dog/flickr_dog_000134.jpg,0
dog/flickr_dog_000135.jpg,0
dog/flickr_dog_000136.jpg,6
dog/flickr_dog_000137.jpg,0
dog/flickr_dog_000138.jpg,0
dog/flickr_dog_000139.jpg,0
dog/flickr_dog_000140.jpg,6
dog/flickr_dog_000142.jpg,0
dog/flickr_dog_000143.jpg,0
dog/flickr_dog_000144.jpg,0
dog/flickr_dog_000145.jpg,0
dog/flickr_dog_000146.jpg,0
dog/flickr_dog_000147.jpg,0
dog/flickr_dog_000148.jpg,0
dog/flickr_dog_000149.jpg,6
dog/flickr_dog_000150.jpg,6
dog/flickr_dog_000151.jpg,6
dog/flickr_dog_000152.jpg,6
dog/flickr_dog_000153.jpg,6
dog/flickr_dog_000154.jpg,0
dog/flickr_dog_000155.jpg,0
dog/flickr_dog_000156.jpg,0
dog/flickr_dog_000158.jpg,0
dog/flickr_dog_000159.jpg,0
dog/flickr_dog_000161.jpg,0
dog/flickr_dog_000162.jpg,0
dog/flickr_dog_000163.jpg,0
dog/flickr_dog_000164.jpg,0
dog/flickr_dog_000165.jpg,0
dog/flickr_dog_000166.jpg,0
dog/flickr_dog_000167.jpg,0
dog/flickr_dog_000168.jpg,0
dog/flickr_dog_000169.jpg,0
dog/flickr_dog_000170.jpg,0
dog/flickr_dog_000171.jpg,0
dog/flickr_dog_000172.jpg,0
dog/flickr_dog_000173.jpg,0
dog/flickr_dog_000175.jpg,0
dog/flickr_dog_000177.jpg,0
dog/flickr_dog_000178.jpg,6
dog/flickr_dog_000179.jpg,0
dog/flickr_dog_000180.jpg,0
dog/flickr_dog_000181.jpg,0
dog/flickr_dog_000182.jpg,0
dog/flickr_dog_000183.jpg,0
dog/flickr_dog_000184.jpg,0
dog/flickr_dog_000185.jpg,0
dog/flickr_dog_000186.jpg,0
dog/flickr_dog_000187.jpg,0
dog/flickr_dog_000188.jpg,0
dog/flickr_dog_000189.jpg,0
dog/flickr_dog_000190.jpg,0
dog/flickr_dog_000191.jpg,0
dog/flickr_dog_000192.jpg,0
dog/flickr_dog_000194.jpg,6
dog/flickr_dog_000195.jpg,0
dog/flickr_dog_000196.jpg,6
dog/flickr_dog_000197.jpg,6
dog/flickr_dog_000199.jpg,6
dog/flickr_dog_000200.jpg,6
dog/flickr_dog_000201.jpg,6
dog/flickr_dog_000202.jpg,6
dog/flickr_dog_000203.jpg,6
dog/flickr_dog_000204.jpg,0
dog/flickr_dog_000206.jpg,6
dog/flickr_dog_000207.jpg,0
dog/flickr_dog_000208.jpg,0
dog/flickr_dog_000209.jpg,6
dog/flickr_dog_000210.jpg,6
dog/flickr_dog_000211.jpg,6
dog/flickr_dog_000213.jpg,6
dog/flickr_dog_000214.jpg,6
dog/flickr_dog_000215.jpg,6
dog/flickr_dog_000218.jpg,0
dog/flickr_dog_000219.jpg,0
dog/flickr_dog_000220.jpg,0
dog/flickr_dog_000221.jpg,0
dog/flickr_dog_000222.jpg,0
dog/flickr_dog_000223.jpg,0
dog/flickr_dog_000225.jpg,0
dog/flickr_dog_000226.jpg,6
dog/flickr_dog_000227.jpg,0
dog/flickr_dog_000228.jpg,6
dog/flickr_dog_000229.jpg,6
dog/flickr_dog_000230.jpg,0
dog/flickr_dog_000231.jpg,0
dog/flickr_dog_000232.jpg,6
dog/flickr_dog_000233.jpg,0
dog/flickr_dog_000234.jpg,0
dog/flickr_dog_000235.jpg,0
dog/flickr_dog_000236.jpg,0
dog/flickr_dog_000237.jpg,0
dog/flickr_dog_000238.jpg,0
dog/flickr_dog_000239.jpg,0
dog/flickr_dog_000240.jpg,0
dog/flickr_dog_000241.jpg,0
dog/flickr_dog_000242.jpg,0
dog/flickr_dog_000243.jpg,6
dog/flickr_dog_000244.jpg,0
dog/flickr_dog_000247.jpg,0
dog/flickr_dog_000248.jpg,0
dog/flickr_dog_000249.jpg,0
dog/flickr_dog_000250.jpg,0
dog/flickr_dog_000251.jpg,6
dog/flickr_dog_000253.jpg,0
dog/flickr_dog_000255.jpg,0
dog/flickr_dog_000256.jpg,0
dog/flickr_dog_000257.jpg,0
dog/flickr_dog_000259.jpg,0
dog/flickr_dog_000260.jpg,0
dog/flickr_dog_000261.jpg,0
dog/flickr_dog_000262.jpg,0
dog/flickr_dog_000263.jpg,0
dog/flickr_dog_000264.jpg,0
dog/flickr_dog_000265.jpg,0
dog/flickr_dog_000266.jpg,0
dog/flickr_dog_000267.jpg,0
dog/flickr_dog_000268.jpg,0
dog/flickr_dog_000269.jpg,0
dog/flickr_dog_000270.jpg,0
dog/flickr_dog_000271.jpg,0
dog/flickr_dog_000272.jpg,0
dog/flickr_dog_000273.jpg,0
dog/flickr_dog_000274.jpg,0
dog/flickr_dog_000275.jpg,0
dog/flickr_dog_000276.jpg,0
dog/flickr_dog_000277.jpg,0
dog/flickr_dog_000278.jpg,0
dog/flickr_dog_000279.jpg,6
dog/flickr_dog_000280.jpg,0
dog/flickr_dog_000281.jpg,0
dog/flickr_dog_000282.jpg,0
dog/flickr_dog_000283.jpg,0
dog/flickr_dog_000284.jpg,0
dog/flickr_dog_000285.jpg,0
dog/flickr_dog_000286.jpg,0
dog/flickr_dog_000287.jpg,0
dog/flickr_dog_000288.jpg,0
dog/flickr_dog_000289.jpg,6
dog/flickr_dog_000290.jpg,0
dog/flickr_dog_000291.jpg,0
dog/flickr_dog_000292.jpg,0
dog/flickr_dog_000293.jpg,0
dog/flickr_dog_000294.jpg,0
dog/flickr_dog_000295.jpg,0
dog/flickr_dog_000296.jpg,0
dog/flickr_dog_000297.jpg,0
dog/flickr_dog_000299.jpg,0
dog/flickr_dog_000300.jpg,0
dog/flickr_dog_000301.jpg,0
dog/flickr_dog_000302.jpg,0
dog/flickr_dog_000303.jpg,0
dog/flickr_dog_000304.jpg,0
dog/flickr_dog_000305.jpg,0
dog/flickr_dog_000306.jpg,6
dog/flickr_dog_000307.jpg,6
dog/flickr_dog_000308.jpg,0
dog/flickr_dog_000309.jpg,6
dog/flickr_dog_000310.jpg,0
dog/flickr_dog_000311.jpg,0
dog/flickr_dog_000312.jpg,0
dog/flickr_dog_000314.jpg,0
dog/flickr_dog_000315.jpg,0
dog/flickr_dog_000316.jpg,0
dog/flickr_dog_000318.jpg,0
dog/flickr_dog_000319.jpg,0
dog/flickr_dog_000320.jpg,0
dog/flickr_dog_000321.jpg,0
dog/flickr_dog_000322.jpg,0
dog/flickr_dog_000323.jpg,0
dog/flickr_dog_000324.jpg,0
dog/flickr_dog_000325.jpg,0
dog/flickr_dog_000326.jpg,0
dog/flickr_dog_000327.jpg,0
dog/flickr_dog_000328.jpg,0
dog/flickr_dog_000329.jpg,0
dog/flickr_dog_000330.jpg,0
dog/flickr_dog_000331.jpg,0
dog/flickr_dog_000333.jpg,0
dog/flickr_dog_000335.jpg,6
dog/flickr_dog_000336.jpg,0
dog/flickr_dog_000337.jpg,6
dog/flickr_dog_000338.jpg,0
dog/flickr_dog_000339.jpg,0
dog/flickr_dog_000340.jpg,0
dog/flickr_dog_000341.jpg,0
dog/flickr_dog_000342.jpg,0
dog/flickr_dog_000343.jpg,0
dog/flickr_dog_000344.jpg,6
dog/flickr_dog_000345.jpg,0
dog/flickr_dog_000346.jpg,6
dog/flickr_dog_000347.jpg,6
dog/flickr_dog_000348.jpg,6
dog/flickr_dog_000349.jpg,0
dog/flickr_dog_000350.jpg,0
dog/flickr_dog_000351.jpg,0
dog/flickr_dog_000352.jpg,0
dog/flickr_dog_000353.jpg,6
dog/flickr_dog_000354.jpg,6
dog/flickr_dog_000355.jpg,0
dog/flickr_dog_000356.jpg,0
dog/flickr_dog_000357.jpg,0
dog/flickr_dog_000358.jpg,0
dog/flickr_dog_000359.jpg,0
dog/flickr_dog_000360.jpg,0
dog/flickr_dog_000361.jpg,0
dog/flickr_dog_000362.jpg,0
dog/flickr_dog_000363.jpg,0
dog/flickr_dog_000364.jpg,0
dog/flickr_dog_000365.jpg,0
dog/flickr_dog_000366.jpg,0
dog/flickr_dog_000367.jpg,0
dog/flickr_dog_000368.jpg,0
dog/flickr_dog_000369.jpg,0
dog/flickr_dog_000370.jpg,0
dog/flickr_dog_000371.jpg,0
dog/flickr_dog_000372.jpg,0
dog/flickr_dog_000374.jpg,6
dog/flickr_dog_000375.jpg,0
dog/flickr_dog_000376.jpg,0
dog/flickr_dog_000377.jpg,0
dog/flickr_dog_000378.jpg,0
dog/flickr_dog_000379.jpg,0
dog/flickr_dog_000381.jpg,0
dog/flickr_dog_000383.jpg,0
dog/flickr_dog_000384.jpg,6
dog/flickr_dog_000385.jpg,0
dog/flickr_dog_000386.jpg,6
dog/flickr_dog_000387.jpg,0
dog/flickr_dog_000388.jpg,0
dog/flickr_dog_000389.jpg,0
dog/flickr_dog_000390.jpg,0
dog/flickr_dog_000391.jpg,0
dog/flickr_dog_000392.jpg,0
dog/flickr_dog_000393.jpg,6
dog/flickr_dog_000394.jpg,0
dog/flickr_dog_000395.jpg,0
dog/flickr_dog_000396.jpg,0
dog/flickr_dog_000397.jpg,0
dog/flickr_dog_000398.jpg,0
dog/flickr_dog_000399.jpg,0
dog/flickr_dog_000400.jpg,6
dog/flickr_dog_000401.jpg,6
dog/flickr_dog_000402.jpg,0
dog/flickr_dog_000403.jpg,0
dog/flickr_dog_000404.jpg,0
dog/flickr_dog_000405.jpg,0
dog/flickr_dog_000406.jpg,0
dog/flickr_dog_000407.jpg,0
dog/flickr_dog_000408.jpg,0
dog/flickr_dog_000409.jpg,0
dog/flickr_dog_000410.jpg,0
dog/flickr_dog_000411.jpg,0
dog/flickr_dog_000412.jpg,0
dog/flickr_dog_000413.jpg,0
dog/flickr_dog_000414.jpg,0
dog/flickr_dog_000415.jpg,0
dog/flickr_dog_000416.jpg,0
dog/flickr_dog_000417.jpg,6
dog/flickr_dog_000418.jpg,0
dog/flickr_dog_000419.jpg,0
dog/flickr_dog_000420.jpg,0
dog/flickr_dog_000421.jpg,0
dog/flickr_dog_000422.jpg,0
dog/flickr_dog_000423.jpg,0
dog/flickr_dog_000424.jpg,0
dog/flickr_dog_000426.jpg,0
dog/flickr_dog_000427.jpg,6
dog/flickr_dog_000428.jpg,0
dog/flickr_dog_000429.jpg,0
dog/flickr_dog_000430.jpg,0
dog/flickr_dog_000431.jpg,0
dog/flickr_dog_000432.jpg,0
dog/flickr_dog_000433.jpg,0
dog/flickr_dog_000434.jpg,6
dog/flickr_dog_000435.jpg,0
dog/flickr_dog_000436.jpg,0
dog/flickr_dog_000437.jpg,0
dog/flickr_dog_000438.jpg,0
dog/flickr_dog_000439.jpg,6
dog/flickr_dog_000440.jpg,6
dog/flickr_dog_000441.jpg,6
dog/flickr_dog_000442.jpg,0
dog/flickr_dog_000443.jpg,0
dog/flickr_dog_000444.jpg,0
dog/flickr_dog_000445.jpg,0
dog/flickr_dog_000446.jpg,0
dog/flickr_dog_000447.jpg,6
dog/flickr_dog_000448.jpg,0
dog/flickr_dog_000449.jpg,0
dog/flickr_dog_000450.jpg,0
dog/flickr_dog_000451.jpg,0
dog/flickr_dog_000453.jpg,0
dog/flickr_dog_000455.jpg,6
dog/flickr_dog_000456.jpg,0
dog/flickr_dog_000457.jpg,0
dog/flickr_dog_000458.jpg,0
dog/flickr_dog_000459.jpg,0
dog/flickr_dog_000460.jpg,6
dog/flickr_dog_000461.jpg,0
dog/flickr_dog_000462.jpg,0
dog/flickr_dog_000463.jpg,0
dog/flickr_dog_000464.jpg,0
dog/flickr_dog_000465.jpg,0
dog/flickr_dog_000466.jpg,0
dog/flickr_dog_000469.jpg,0
dog/flickr_dog_000470.jpg,0
dog/flickr_dog_000471.jpg,0
dog/flickr_dog_000472.jpg,0
dog/flickr_dog_000473.jpg,0
dog/flickr_dog_000474.jpg,0
dog/flickr_dog_000475.jpg,0
dog/flickr_dog_000476.jpg,0
dog/flickr_dog_000477.jpg,6
dog/flickr_dog_000478.jpg,0
dog/flickr_dog_000479.jpg,0
dog/flickr_dog_000480.jpg,0
dog/flickr_dog_000481.jpg,0
dog/flickr_dog_000482.jpg,0
dog/flickr_dog_000483.jpg,0
dog/flickr_dog_000484.jpg,0
dog/flickr_dog_000485.jpg,0
dog/flickr_dog_000486.jpg,0
dog/flickr_dog_000487.jpg,0
dog/flickr_dog_000488.jpg,0
dog/flickr_dog_000490.jpg,0
dog/flickr_dog_000492.jpg,0
dog/flickr_dog_000493.jpg,6
dog/flickr_dog_000494.jpg,0
dog/flickr_dog_000496.jpg,6
dog/flickr_dog_000497.jpg,0
dog/flickr_dog_000498.jpg,6
dog/flickr_dog_000499.jpg,6
dog/flickr_dog_000500.jpg,0
dog/flickr_dog_000501.jpg,0
dog/flickr_dog_000502.jpg,0
dog/flickr_dog_000503.jpg,6
dog/flickr_dog_000504.jpg,0
dog/flickr_dog_000505.jpg,0
dog/flickr_dog_000506.jpg,0
dog/flickr_dog_000507.jpg,0
dog/flickr_dog_000508.jpg,0
dog/flickr_dog_000509.jpg,0
dog/flickr_dog_000510.jpg,0
dog/flickr_dog_000511.jpg,0
dog/flickr_dog_000512.jpg,0
dog/flickr_dog_000513.jpg,0
dog/flickr_dog_000514.jpg,0
dog/flickr_dog_000515.jpg,6
dog/flickr_dog_000516.jpg,0
dog/flickr_dog_000517.jpg,0
dog/flickr_dog_000518.jpg,6
dog/flickr_dog_000519.jpg,0
dog/flickr_dog_000520.jpg,0
dog/flickr_dog_000522.jpg,0
dog/flickr_dog_000523.jpg,6
dog/flickr_dog_000524.jpg,6
dog/flickr_dog_000525.jpg,6
dog/flickr_dog_000526.jpg,0
dog/flickr_dog_000527.jpg,6
dog/flickr_dog_000528.jpg,0
dog/flickr_dog_000529.jpg,0
dog/flickr_dog_000530.jpg,0
dog/flickr_dog_000531.jpg,0
dog/flickr_dog_000532.jpg,0
dog/flickr_dog_000533.jpg,0
dog/flickr_dog_000534.jpg,1
dog/flickr_dog_000535.jpg,0
dog/flickr_dog_000536.jpg,0
dog/flickr_dog_000537.jpg,0
dog/flickr_dog_000539.jpg,0
dog/flickr_dog_000540.jpg,0
dog/flickr_dog_000541.jpg,0
dog/flickr_dog_000542.jpg,0
dog/flickr_dog_000543.jpg,6
dog/flickr_dog_000544.jpg,0
dog/flickr_dog_000546.jpg,0
dog/flickr_dog_000547.jpg,0
dog/flickr_dog_000548.jpg,0
dog/flickr_dog_000549.jpg,0
dog/flickr_dog_000550.jpg,0
dog/flickr_dog_000551.jpg,0
dog/flickr_dog_000552.jpg,0
dog/flickr_dog_000554.jpg,0
dog/flickr_dog_000555.jpg,0
dog/flickr_dog_000556.jpg,0
dog/flickr_dog_000557.jpg,6
dog/flickr_dog_000558.jpg,0
dog/flickr_dog_000559.jpg,6
dog/flickr_dog_000560.jpg,0
dog/flickr_dog_000561.jpg,6
dog/flickr_dog_000562.jpg,0
dog/flickr_dog_000563.jpg,0
dog/flickr_dog_000564.jpg,0
dog/flickr_dog_000566.jpg,0
dog/flickr_dog_000568.jpg,0
dog/flickr_dog_000570.jpg,6
dog/flickr_dog_000571.jpg,0
dog/flickr_dog_000573.jpg,6
dog/flickr_dog_000574.jpg,0
dog/flickr_dog_000575.jpg,0
dog/flickr_dog_000577.jpg,0
dog/flickr_dog_000578.jpg,0
dog/flickr_dog_000579.jpg,0
dog/flickr_dog_000581.jpg,0
dog/flickr_dog_000582.jpg,0
dog/flickr_dog_000583.jpg,6
dog/flickr_dog_000584.jpg,0
dog/flickr_dog_000585.jpg,0
dog/flickr_dog_000586.jpg,0
dog/flickr_dog_000587.jpg,6
dog/flickr_dog_000588.jpg,0
dog/flickr_dog_000589.jpg,0
dog/flickr_dog_000590.jpg,0
dog/flickr_dog_000591.jpg,0
dog/flickr_dog_000592.jpg,0
dog/flickr_dog_000593.jpg,0
dog/flickr_dog_000594.jpg,0
dog/flickr_dog_000595.jpg,0
dog/flickr_dog_000597.jpg,0
dog/flickr_dog_000598.jpg,0
dog/flickr_dog_000599.jpg,0
dog/flickr_dog_000600.jpg,0
dog/flickr_dog_000601.jpg,0
dog/flickr_dog_000602.jpg,6
dog/flickr_dog_000603.jpg,0
dog/flickr_dog_000604.jpg,6
dog/flickr_dog_000605.jpg,0
dog/flickr_dog_000606.jpg,6
dog/flickr_dog_000607.jpg,0
dog/flickr_dog_000608.jpg,0
dog/flickr_dog_000609.jpg,0
dog/flickr_dog_000611.jpg,0
dog/flickr_dog_000612.jpg,6
dog/flickr_dog_000613.jpg,0
dog/flickr_dog_000614.jpg,0
dog/flickr_dog_000615.jpg,0
dog/flickr_dog_000616.jpg,0
dog/flickr_dog_000617.jpg,0
dog/flickr_dog_000618.jpg,0
dog/flickr_dog_000620.jpg,0
dog/flickr_dog_000621.jpg,6
dog/flickr_dog_000622.jpg,0
dog/flickr_dog_000623.jpg,0
dog/flickr_dog_000624.jpg,6
dog/flickr_dog_000627.jpg,0
dog/flickr_dog_000628.jpg,0
dog/flickr_dog_000630.jpg,0
dog/flickr_dog_000631.jpg,0
dog/flickr_dog_000632.jpg,0
dog/flickr_dog_000633.jpg,6
dog/flickr_dog_000634.jpg,6
dog/flickr_dog_000635.jpg,0
dog/flickr_dog_000636.jpg,0
dog/flickr_dog_000637.jpg,0
dog/flickr_dog_000638.jpg,0
dog/flickr_dog_000639.jpg,0
dog/flickr_dog_000641.jpg,0
dog/flickr_dog_000643.jpg,0
dog/flickr_dog_000644.jpg,0
dog/flickr_dog_000645.jpg,0
dog/flickr_dog_000646.jpg,0
dog/flickr_dog_000647.jpg,0
dog/flickr_dog_000648.jpg,0
dog/flickr_dog_000649.jpg,0
dog/flickr_dog_000650.jpg,0
dog/flickr_dog_000651.jpg,6
dog/flickr_dog_000652.jpg,0
dog/flickr_dog_000653.jpg,0
dog/flickr_dog_000655.jpg,0
dog/flickr_dog_000656.jpg,0
dog/flickr_dog_000657.jpg,0
dog/flickr_dog_000659.jpg,0
dog/flickr_dog_000660.jpg,0
dog/flickr_dog_000661.jpg,0
dog/flickr_dog_000662.jpg,0
dog/flickr_dog_000663.jpg,0
dog/flickr_dog_000664.jpg,0
dog/flickr_dog_000665.jpg,0
dog/flickr_dog_000666.jpg,0
dog/flickr_dog_000667.jpg,0
dog/flickr_dog_000668.jpg,0
dog/flickr_dog_000669.jpg,6
dog/flickr_dog_000670.jpg,6
dog/flickr_dog_000671.jpg,0
dog/flickr_dog_000672.jpg,0
dog/flickr_dog_000674.jpg,0
dog/flickr_dog_000676.jpg,0
dog/flickr_dog_000677.jpg,0
dog/flickr_dog_000678.jpg,0
dog/flickr_dog_000679.jpg,6
dog/flickr_dog_000680.jpg,0
dog/flickr_dog_000681.jpg,0
dog/flickr_dog_000682.jpg,0
dog/flickr_dog_000683.jpg,0
dog/flickr_dog_000684.jpg,0
dog/flickr_dog_000685.jpg,0
dog/flickr_dog_000686.jpg,0
dog/flickr_dog_000688.jpg,0
dog/flickr_dog_000689.jpg,0
dog/flickr_dog_000690.jpg,0
dog/flickr_dog_000691.jpg,0
dog/flickr_dog_000692.jpg,0
dog/flickr_dog_000693.jpg,0
dog/flickr_dog_000696.jpg,0
dog/flickr_dog_000697.jpg,6
dog/flickr_dog_000698.jpg,6
dog/flickr_dog_000699.jpg,0
dog/flickr_dog_000700.jpg,0
dog/flickr_dog_000701.jpg,0
dog/flickr_dog_000702.jpg,0
dog/flickr_dog_000703.jpg,0
dog/flickr_dog_000704.jpg,0
dog/flickr_dog_000705.jpg,0
dog/flickr_dog_000707.jpg,0
dog/flickr_dog_000708.jpg,0
dog/flickr_dog_000709.jpg,0
dog/flickr_dog_000710.jpg,0
dog/flickr_dog_000711.jpg,0
dog/flickr_dog_000712.jpg,0
dog/flickr_dog_000713.jpg,0
dog/flickr_dog_000714.jpg,0
dog/flickr_dog_000716.jpg,6
dog/flickr_dog_000718.jpg,0
dog/flickr_dog_000719.jpg,0
dog/flickr_dog_000721.jpg,0
dog/flickr_dog_000722.jpg,0
dog/flickr_dog_000723.jpg,0
dog/flickr_dog_000724.jpg,0
dog/flickr_dog_000725.jpg,0
dog/flickr_dog_000726.jpg,0
dog/flickr_dog_000727.jpg,0
dog/flickr_dog_000728.jpg,0
dog/flickr_dog_000729.jpg,0
dog/flickr_dog_000730.jpg,0
dog/flickr_dog_000731.jpg,0
dog/flickr_dog_000732.jpg,0
dog/flickr_dog_000733.jpg,6
dog/flickr_dog_000734.jpg,0
dog/flickr_dog_000735.jpg,0
dog/flickr_dog_000736.jpg,0
dog/flickr_dog_000738.jpg,0
dog/flickr_dog_000739.jpg,0
dog/flickr_dog_000740.jpg,0
dog/flickr_dog_000741.jpg,0
dog/flickr_dog_000742.jpg,0
dog/flickr_dog_000743.jpg,0
dog/flickr_dog_000744.jpg,0
dog/flickr_dog_000745.jpg,0
dog/flickr_dog_000746.jpg,0
dog/flickr_dog_000747.jpg,0
dog/flickr_dog_000748.jpg,0
dog/flickr_dog_000749.jpg,0
dog/flickr_dog_000750.jpg,0
dog/flickr_dog_000751.jpg,0
dog/flickr_dog_000752.jpg,0
dog/flickr_dog_000753.jpg,0
dog/flickr_dog_000754.jpg,0
dog/flickr_dog_000755.jpg,0
dog/flickr_dog_000756.jpg,0
dog/flickr_dog_000758.jpg,0
dog/flickr_dog_000759.jpg,0
dog/flickr_dog_000760.jpg,0
dog/flickr_dog_000761.jpg,0
dog/flickr_dog_000762.jpg,0
dog/flickr_dog_000763.jpg,0
dog/flickr_dog_000764.jpg,0
dog/flickr_dog_000765.jpg,0
dog/flickr_dog_000766.jpg,0
dog/flickr_dog_000767.jpg,0
dog/flickr_dog_000768.jpg,0
dog/flickr_dog_000769.jpg,0
dog/flickr_dog_000770.jpg,0
dog/flickr_dog_000771.jpg,0
dog/flickr_dog_000773.jpg,0
dog/flickr_dog_000775.jpg,0
dog/flickr_dog_000776.jpg,0
dog/flickr_dog_000777.jpg,0
dog/flickr_dog_000778.jpg,0
dog/flickr_dog_000779.jpg,0
dog/flickr_dog_000780.jpg,0
dog/flickr_dog_000783.jpg,0
dog/flickr_dog_000784.jpg,0
dog/flickr_dog_000786.jpg,0
dog/flickr_dog_000787.jpg,0
dog/flickr_dog_000788.jpg,0
dog/flickr_dog_000789.jpg,0
dog/flickr_dog_000790.jpg,0
dog/flickr_dog_000791.jpg,0
dog/flickr_dog_000792.jpg,0
dog/flickr_dog_000793.jpg,0
dog/flickr_dog_000794.jpg,0
dog/flickr_dog_000796.jpg,0
dog/flickr_dog_000797.jpg,0
dog/flickr_dog_000798.jpg,0
dog/flickr_dog_000799.jpg,0
dog/flickr_dog_000800.jpg,0
dog/flickr_dog_000801.jpg,0
dog/flickr_dog_000802.jpg,0
dog/flickr_dog_000803.jpg,6
dog/flickr_dog_000804.jpg,0
dog/flickr_dog_000805.jpg,0
dog/flickr_dog_000807.jpg,0
dog/flickr_dog_000808.jpg,0
dog/flickr_dog_000809.jpg,0
dog/flickr_dog_000810.jpg,0
dog/flickr_dog_000811.jpg,0
dog/flickr_dog_000813.jpg,0
dog/flickr_dog_000815.jpg,0
dog/flickr_dog_000816.jpg,0
dog/flickr_dog_000817.jpg,0
dog/flickr_dog_000818.jpg,0
dog/flickr_dog_000819.jpg,6
dog/flickr_dog_000820.jpg,0
dog/flickr_dog_000821.jpg,0
dog/flickr_dog_000822.jpg,0
dog/flickr_dog_000824.jpg,0
dog/flickr_dog_000825.jpg,0
dog/flickr_dog_000826.jpg,0
dog/flickr_dog_000828.jpg,6
dog/flickr_dog_000829.jpg,0
dog/flickr_dog_000830.jpg,0
dog/flickr_dog_000831.jpg,0
dog/flickr_dog_000832.jpg,0
dog/flickr_dog_000833.jpg,0
dog/flickr_dog_000834.jpg,0
dog/flickr_dog_000837.jpg,6
dog/flickr_dog_000838.jpg,6
dog/flickr_dog_000839.jpg,0
dog/flickr_dog_000840.jpg,6
dog/flickr_dog_000841.jpg,0
dog/flickr_dog_000842.jpg,0
dog/flickr_dog_000843.jpg,6
dog/flickr_dog_000844.jpg,6
dog/flickr_dog_000845.jpg,6
dog/flickr_dog_000847.jpg,0
dog/flickr_dog_000848.jpg,6
dog/flickr_dog_000850.jpg,6
dog/flickr_dog_000851.jpg,6
dog/flickr_dog_000852.jpg,6
dog/flickr_dog_000853.jpg,6
dog/flickr_dog_000855.jpg,6
dog/flickr_dog_000857.jpg,6
dog/flickr_dog_000858.jpg,0
dog/flickr_dog_000859.jpg,6
dog/flickr_dog_000860.jpg,6
dog/flickr_dog_000861.jpg,6
dog/flickr_dog_000862.jpg,6
dog/flickr_dog_000863.jpg,6
dog/flickr_dog_000864.jpg,0
dog/flickr_dog_000865.jpg,6
dog/flickr_dog_000866.jpg,0
dog/flickr_dog_000867.jpg,6
dog/flickr_dog_000868.jpg,0
dog/flickr_dog_000869.jpg,6
dog/flickr_dog_000870.jpg,6
dog/flickr_dog_000871.jpg,0
dog/flickr_dog_000872.jpg,6
dog/flickr_dog_000873.jpg,6
dog/flickr_dog_000874.jpg,6
dog/flickr_dog_000875.jpg,6
dog/flickr_dog_000876.jpg,6
dog/flickr_dog_000877.jpg,0
dog/flickr_dog_000878.jpg,6
dog/flickr_dog_000879.jpg,6
dog/flickr_dog_000880.jpg,6
dog/flickr_dog_000881.jpg,6
dog/flickr_dog_000882.jpg,6
dog/flickr_dog_000883.jpg,6
dog/flickr_dog_000884.jpg,0
dog/flickr_dog_000885.jpg,6
dog/flickr_dog_000886.jpg,6
dog/flickr_dog_000887.jpg,6
dog/flickr_dog_000888.jpg,6
dog/flickr_dog_000889.jpg,6
dog/flickr_dog_000890.jpg,6
dog/flickr_dog_000891.jpg,6
dog/flickr_dog_000892.jpg,6
dog/flickr_dog_000893.jpg,6
dog/flickr_dog_000894.jpg,6
dog/flickr_dog_000895.jpg,6
dog/flickr_dog_000897.jpg,6
dog/flickr_dog_000898.jpg,6
dog/flickr_dog_000899.jpg,0
dog/flickr_dog_000900.jpg,0
dog/flickr_dog_000901.jpg,6
dog/flickr_dog_000902.jpg,0
dog/flickr_dog_000903.jpg,0
dog/flickr_dog_000904.jpg,0
dog/flickr_dog_000905.jpg,0
dog/flickr_dog_000906.jpg,0
dog/flickr_dog_000907.jpg,0
dog/flickr_dog_000908.jpg,6
dog/flickr_dog_000909.jpg,0
dog/flickr_dog_000910.jpg,6
dog/flickr_dog_000911.jpg,6
dog/flickr_dog_000912.jpg,0
dog/flickr_dog_000913.jpg,0
dog/flickr_dog_000914.jpg,0
dog/flickr_dog_000915.jpg,0
dog/flickr_dog_000916.jpg,0
dog/flickr_dog_000917.jpg,6
dog/flickr_dog_000919.jpg,0
dog/flickr_dog_000920.jpg,0
dog/flickr_dog_000921.jpg,0
dog/flickr_dog_000922.jpg,0
dog/flickr_dog_000923.jpg,0
dog/flickr_dog_000924.jpg,0
dog/flickr_dog_000925.jpg,6
dog/flickr_dog_000926.jpg,0
dog/flickr_dog_000927.jpg,0
dog/flickr_dog_000928.jpg,0
dog/flickr_dog_000929.jpg,0
dog/flickr_dog_000930.jpg,0
dog/flickr_dog_000931.jpg,0
dog/flickr_dog_000932.jpg,0
dog/flickr_dog_000933.jpg,0
dog/flickr_dog_000935.jpg,0
dog/flickr_dog_000936.jpg,0
dog/flickr_dog_000937.jpg,0
dog/flickr_dog_000938.jpg,0
dog/flickr_dog_000939.jpg,0
dog/flickr_dog_000940.jpg,0
dog/flickr_dog_000941.jpg,0
dog/flickr_dog_000942.jpg,0
dog/flickr_dog_000943.jpg,0
dog/flickr_dog_000944.jpg,0
dog/flickr_dog_000945.jpg,0
dog/flickr_dog_000947.jpg,0
dog/flickr_dog_000948.jpg,0
dog/flickr_dog_000950.jpg,0
dog/flickr_dog_000951.jpg,0
dog/flickr_dog_000952.jpg,0
dog/flickr_dog_000953.jpg,0
dog/flickr_dog_000954.jpg,0
dog/flickr_dog_000955.jpg,0
dog/flickr_dog_000956.jpg,0
dog/flickr_dog_000957.jpg,0
dog/flickr_dog_000958.jpg,0
dog/flickr_dog_000959.jpg,0
dog/flickr_dog_000960.jpg,0
dog/flickr_dog_000962.jpg,6
dog/flickr_dog_000963.jpg,0
dog/flickr_dog_000964.jpg,0
dog/flickr_dog_000965.jpg,0
dog/flickr_dog_000966.jpg,0
dog/flickr_dog_000967.jpg,0
dog/flickr_dog_000968.jpg,0
dog/flickr_dog_000969.jpg,0
dog/flickr_dog_000970.jpg,0
dog/flickr_dog_000971.jpg,0
dog/flickr_dog_000973.jpg,0
dog/flickr_dog_000974.jpg,0
dog/flickr_dog_000975.jpg,0
dog/flickr_dog_000976.jpg,0
dog/flickr_dog_000977.jpg,0
dog/flickr_dog_000978.jpg,0
dog/flickr_dog_000979.jpg,0
dog/flickr_dog_000980.jpg,0
dog/flickr_dog_000981.jpg,0
dog/flickr_dog_000982.jpg,6
dog/flickr_dog_000983.jpg,0
dog/flickr_dog_000984.jpg,0
dog/flickr_dog_000985.jpg,0
dog/flickr_dog_000986.jpg,0
dog/flickr_dog_000987.jpg,0
dog/flickr_dog_000988.jpg,6
dog/flickr_dog_000989.jpg,0
dog/flickr_dog_000990.jpg,0
dog/flickr_dog_000991.jpg,0
dog/flickr_dog_000992.jpg,0
dog/flickr_dog_000993.jpg,0
dog/flickr_dog_000994.jpg,6
dog/flickr_dog_000995.jpg,0
dog/flickr_dog_000996.jpg,0
dog/flickr_dog_000998.jpg,0
dog/flickr_dog_001000.jpg,0
dog/flickr_dog_001001.jpg,0
dog/flickr_dog_001003.jpg,0
dog/flickr_dog_001004.jpg,0
dog/flickr_dog_001005.jpg,6
dog/flickr_dog_001006.jpg,0
dog/flickr_dog_001008.jpg,0
dog/flickr_dog_001009.jpg,0
dog/flickr_dog_001010.jpg,0
dog/flickr_dog_001011.jpg,0
dog/flickr_dog_001013.jpg,0
dog/flickr_dog_001014.jpg,0
dog/flickr_dog_001015.jpg,0
dog/flickr_dog_001016.jpg,0
dog/flickr_dog_001017.jpg,0
dog/flickr_dog_001018.jpg,6
dog/flickr_dog_001019.jpg,0
dog/flickr_dog_001020.jpg,0
dog/flickr_dog_001022.jpg,0
dog/flickr_dog_001023.jpg,0
dog/flickr_dog_001024.jpg,0
dog/flickr_dog_001025.jpg,0
dog/flickr_dog_001026.jpg,0
dog/flickr_dog_001027.jpg,0
dog/flickr_dog_001028.jpg,0
dog/flickr_dog_001029.jpg,0
dog/flickr_dog_001030.jpg,0
dog/flickr_dog_001031.jpg,0
dog/flickr_dog_001032.jpg,0
dog/flickr_dog_001033.jpg,0
dog/flickr_dog_001034.jpg,0
dog/flickr_dog_001035.jpg,0
dog/flickr_dog_001036.jpg,0
dog/flickr_dog_001037.jpg,6
dog/flickr_dog_001039.jpg,0
dog/flickr_dog_001040.jpg,0
dog/flickr_dog_001043.jpg,0
dog/flickr_dog_001044.jpg,6
dog/flickr_dog_001045.jpg,0
dog/flickr_dog_001046.jpg,0
dog/flickr_dog_001047.jpg,0
dog/flickr_dog_001048.jpg,0
dog/flickr_dog_001049.jpg,0
dog/flickr_dog_001050.jpg,0
dog/flickr_dog_001051.jpg,0
dog/flickr_dog_001053.jpg,6
dog/flickr_dog_001054.jpg,0
dog/flickr_dog_001056.jpg,0
dog/flickr_dog_001057.jpg,0
dog/flickr_dog_001058.jpg,0
dog/flickr_dog_001059.jpg,0
dog/flickr_dog_001060.jpg,0
dog/flickr_dog_001061.jpg,6
dog/flickr_dog_001062.jpg,6
dog/flickr_dog_001063.jpg,0
dog/flickr_dog_001064.jpg,0
dog/flickr_dog_001065.jpg,0
dog/flickr_dog_001066.jpg,0
dog/flickr_dog_001068.jpg,0
dog/flickr_dog_001069.jpg,6
dog/flickr_dog_001070.jpg,6
dog/flickr_dog_001073.jpg,0
dog/flickr_dog_001074.jpg,0
dog/flickr_dog_001075.jpg,6
dog/flickr_dog_001076.jpg,0
dog/flickr_dog_001077.jpg,0
dog/flickr_dog_001078.jpg,0
dog/flickr_dog_001079.jpg,0
dog/flickr_dog_001080.jpg,0
dog/flickr_dog_001081.jpg,6
dog/flickr_dog_001082.jpg,0
dog/flickr_dog_001083.jpg,0
dog/flickr_dog_001084.jpg,0
dog/flickr_dog_001086.jpg,0
dog/flickr_dog_001087.jpg,0
dog/flickr_dog_001088.jpg,0
dog/flickr_dog_001089.jpg,0
dog/flickr_dog_001090.jpg,0
dog/flickr_dog_001091.jpg,0
dog/flickr_dog_001092.jpg,0
dog/flickr_dog_001093.jpg,0
dog/flickr_dog_001095.jpg,0
dog/flickr_dog_001096.jpg,0
dog/flickr_dog_001097.jpg,0
dog/flickr_dog_001098.jpg,0
dog/flickr_dog_001099.jpg,0
dog/flickr_dog_001101.jpg,0
dog/flickr_dog_001102.jpg,0
dog/flickr_dog_001103.jpg,0
dog/flickr_dog_001104.jpg,0
dog/flickr_dog_001105.jpg,0
dog/flickr_dog_001106.jpg,0
dog/flickr_dog_001107.jpg,0
dog/flickr_dog_001108.jpg,0
dog/flickr_dog_001109.jpg,0
dog/flickr_dog_001110.jpg,0
dog/flickr_dog_001111.jpg,0
dog/flickr_dog_001112.jpg,0
dog/flickr_dog_001113.jpg,6
dog/flickr_dog_001114.jpg,0
dog/flickr_dog_001115.jpg,0
dog/flickr_dog_001116.jpg,0
dog/flickr_dog_001117.jpg,0
dog/flickr_dog_001118.jpg,0
dog/flickr_dog_001119.jpg,0
dog/flickr_dog_001121.jpg,0
dog/flickr_dog_001123.jpg,0
dog/flickr_dog_001124.jpg,0
dog/flickr_dog_001125.jpg,0
dog/flickr_dog_001126.jpg,0
dog/flickr_dog_001127.jpg,0
dog/flickr_dog_001128.jpg,0
dog/flickr_dog_001129.jpg,6
dog/flickr_dog_001130.jpg,0
dog/flickr_dog_001131.jpg,0
dog/flickr_dog_001132.jpg,0
dog/flickr_dog_001133.jpg,6
dog/flickr_dog_001134.jpg,0
dog/flickr_dog_001135.jpg,0
dog/flickr_dog_001136.jpg,0
dog/flickr_dog_001137.jpg,0
dog/flickr_dog_001138.jpg,0
dog/flickr_dog_001139.jpg,0
dog/flickr_dog_001140.jpg,0
dog/flickr_dog_001141.jpg,0
dog/flickr_dog_001142.jpg,0
dog/flickr_dog_001143.jpg,0
dog/flickr_dog_001144.jpg,0
dog/flickr_dog_001145.jpg,0
dog/flickr_dog_001146.jpg,0
dog/flickr_dog_001147.jpg,0
dog/flickr_dog_001148.jpg,0
dog/flickr_dog_001149.jpg,0
dog/flickr_dog_001150.jpg,0
dog/flickr_dog_001151.jpg,0
dog/flickr_dog_001152.jpg,0
dog/flickr_dog_001153.jpg,0
dog/flickr_dog_001154.jpg,0
dog/flickr_dog_001155.jpg,0
dog/flickr_dog_001156.jpg,0
dog/flickr_dog_001157.jpg,0
dog/flickr_dog_001158.jpg,6
dog/flickr_dog_001159.jpg,0
dog/flickr_dog_001160.jpg,0
dog/flickr_dog_001161.jpg,0
dog/flickr_dog_001162.jpg,0
dog/flickr_dog_001163.jpg,0
dog/flickr_dog_001164.jpg,0
dog/flickr_dog_001165.jpg,0
dog/flickr_dog_001166.jpg,6
dog/flickr_dog_001167.jpg,0
dog/flickr_dog_001168.jpg,0
dog/flickr_dog_001169.jpg,6
dog/flickr_dog_001170.jpg,0
dog/flickr_dog_001171.jpg,0
dog/flickr_dog_001172.jpg,0
dog/flickr_dog_001174.jpg,0
dog/flickr_dog_001175.jpg,0
dog/flickr_dog_001176.jpg,0
dog/flickr_dog_001178.jpg,0
dog/flickr_dog_001179.jpg,0
dog/flickr_dog_001180.jpg,0
dog/flickr_dog_001181.jpg,0
dog/flickr_dog_001182.jpg,0
dog/flickr_dog_001183.jpg,0
dog/pixabay_dog_000002.jpg,0
dog/pixabay_dog_000003.jpg,0
dog/pixabay_dog_000004.jpg,0
dog/pixabay_dog_000005.jpg,0
dog/pixabay_dog_000006.jpg,0
dog/pixabay_dog_000007.jpg,0
dog/pixabay_dog_000008.jpg,0
dog/pixabay_dog_000010.jpg,0
dog/pixabay_dog_000011.jpg,0
dog/pixabay_dog_000012.jpg,0
dog/pixabay_dog_000013.jpg,0
dog/pixabay_dog_000014.jpg,0
dog/pixabay_dog_000015.jpg,0
dog/pixabay_dog_000016.jpg,6
dog/pixabay_dog_000018.jpg,0
dog/pixabay_dog_000019.jpg,0
dog/pixabay_dog_000020.jpg,0
dog/pixabay_dog_000021.jpg,0
dog/pixabay_dog_000022.jpg,0
dog/pixabay_dog_000023.jpg,0
dog/pixabay_dog_000024.jpg,0
dog/pixabay_dog_000025.jpg,0
dog/pixabay_dog_000026.jpg,6
dog/pixabay_dog_000027.jpg,6
dog/pixabay_dog_000028.jpg,6
dog/pixabay_dog_000029.jpg,0
dog/pixabay_dog_000030.jpg,0
dog/pixabay_dog_000031.jpg,6
dog/pixabay_dog_000032.jpg,0
dog/pixabay_dog_000033.jpg,0
dog/pixabay_dog_000034.jpg,0
dog/pixabay_dog_000035.jpg,0
dog/pixabay_dog_000036.jpg,0
dog/pixabay_dog_000037.jpg,0
dog/pixabay_dog_000038.jpg,0
dog/pixabay_dog_000040.jpg,0
dog/pixabay_dog_000041.jpg,6
dog/pixabay_dog_000042.jpg,0
dog/pixabay_dog_000043.jpg,0
dog/pixabay_dog_000046.jpg,0
dog/pixabay_dog_000047.jpg,0
dog/pixabay_dog_000048.jpg,0
dog/pixabay_dog_000049.jpg,0
dog/pixabay_dog_000050.jpg,0
dog/pixabay_dog_000051.jpg,0
dog/pixabay_dog_000052.jpg,0
dog/pixabay_dog_000053.jpg,0
dog/pixabay_dog_000054.jpg,6
dog/pixabay_dog_000055.jpg,6
dog/pixabay_dog_000056.jpg,0
dog/pixabay_dog_000057.jpg,6
dog/pixabay_dog_000058.jpg,6
dog/pixabay_dog_000059.jpg,0
dog/pixabay_dog_000060.jpg,0
dog/pixabay_dog_000062.jpg,0
dog/pixabay_dog_000063.jpg,0
dog/pixabay_dog_000064.jpg,0
dog/pixabay_dog_000065.jpg,0
dog/pixabay_dog_000066.jpg,0
dog/pixabay_dog_000067.jpg,0
dog/pixabay_dog_000068.jpg,6
dog/pixabay_dog_000069.jpg,0
dog/pixabay_dog_000070.jpg,0
dog/pixabay_dog_000071.jpg,0
dog/pixabay_dog_000072.jpg,0
dog/pixabay_dog_000073.jpg,0
dog/pixabay_dog_000074.jpg,0
dog/pixabay_dog_000075.jpg,0
dog/pixabay_dog_000076.jpg,0
dog/pixabay_dog_000077.jpg,0
dog/pixabay_dog_000078.jpg,0
dog/pixabay_dog_000079.jpg,6
dog/pixabay_dog_000080.jpg,0
dog/pixabay_dog_000082.jpg,0
dog/pixabay_dog_000083.jpg,0
dog/pixabay_dog_000084.jpg,0
dog/pixabay_dog_000085.jpg,0
dog/pixabay_dog_000087.jpg,6
dog/pixabay_dog_000088.jpg,6
dog/pixabay_dog_000089.jpg,0
dog/pixabay_dog_000090.jpg,6
dog/pixabay_dog_000091.jpg,0
dog/pixabay_dog_000092.jpg,0
dog/pixabay_dog_000093.jpg,0
dog/pixabay_dog_000094.jpg,0
dog/pixabay_dog_000095.jpg,0
dog/pixabay_dog_000096.jpg,0
dog/pixabay_dog_000097.jpg,0
dog/pixabay_dog_000098.jpg,0
dog/pixabay_dog_000099.jpg,0
dog/pixabay_dog_000100.jpg,0
dog/pixabay_dog_000101.jpg,0
dog/pixabay_dog_000102.jpg,0
dog/pixabay_dog_000103.jpg,0
dog/pixabay_dog_000104.jpg,0
dog/pixabay_dog_000105.jpg,0
dog/pixabay_dog_000106.jpg,0
dog/pixabay_dog_000107.jpg,0
dog/pixabay_dog_000108.jpg,0
dog/pixabay_dog_000109.jpg,0
dog/pixabay_dog_000110.jpg,0
dog/pixabay_dog_000111.jpg,6
dog/pixabay_dog_000112.jpg,0
dog/pixabay_dog_000113.jpg,0
dog/pixabay_dog_000115.jpg,0
dog/pixabay_dog_000116.jpg,6
dog/pixabay_dog_000117.jpg,0
dog/pixabay_dog_000118.jpg,0
dog/pixabay_dog_000119.jpg,0
dog/pixabay_dog_000120.jpg,0
dog/pixabay_dog_000122.jpg,0
dog/pixabay_dog_000123.jpg,0
dog/pixabay_dog_000124.jpg,0
dog/pixabay_dog_000125.jpg,0
dog/pixabay_dog_000126.jpg,0
dog/pixabay_dog_000127.jpg,0
dog/pixabay_dog_000128.jpg,6
dog/pixabay_dog_000129.jpg,0
dog/pixabay_dog_000130.jpg,0
dog/pixabay_dog_000131.jpg,0
dog/pixabay_dog_000132.jpg,0
dog/pixabay_dog_000133.jpg,0
dog/pixabay_dog_000134.jpg,6
dog/pixabay_dog_000136.jpg,0
dog/pixabay_dog_000137.jpg,0
dog/pixabay_dog_000138.jpg,0
dog/pixabay_dog_000139.jpg,0
dog/pixabay_dog_000141.jpg,0
dog/pixabay_dog_000142.jpg,0
dog/pixabay_dog_000143.jpg,0
dog/pixabay_dog_000144.jpg,0
dog/pixabay_dog_000145.jpg,0
dog/pixabay_dog_000146.jpg,0
dog/pixabay_dog_000147.jpg,0
dog/pixabay_dog_000148.jpg,0
dog/pixabay_dog_000149.jpg,0
dog/pixabay_dog_000150.jpg,0
dog/pixabay_dog_000151.jpg,0
dog/pixabay_dog_000153.jpg,0
dog/pixabay_dog_000154.jpg,0
dog/pixabay_dog_000155.jpg,6
dog/pixabay_dog_000156.jpg,6
dog/pixabay_dog_000157.jpg,0
dog/pixabay_dog_000158.jpg,0
dog/pixabay_dog_000159.jpg,0
dog/pixabay_dog_000160.jpg,0
dog/pixabay_dog_000161.jpg,6
dog/pixabay_dog_000162.jpg,0
dog/pixabay_dog_000163.jpg,6
dog/pixabay_dog_000164.jpg,0
dog/pixabay_dog_000165.jpg,6
dog/pixabay_dog_000167.jpg,0
dog/pixabay_dog_000168.jpg,0
dog/pixabay_dog_000169.jpg,0
dog/pixabay_dog_000170.jpg,0
dog/pixabay_dog_000171.jpg,0
dog/pixabay_dog_000172.jpg,6
dog/pixabay_dog_000173.jpg,0
dog/pixabay_dog_000174.jpg,0
dog/pixabay_dog_000175.jpg,0
dog/pixabay_dog_000177.jpg,0
dog/pixabay_dog_000178.jpg,6
dog/pixabay_dog_000179.jpg,6
dog/pixabay_dog_000180.jpg,6
dog/pixabay_dog_000181.jpg,6
dog/pixabay_dog_000182.jpg,0
dog/pixabay_dog_000183.jpg,0
dog/pixabay_dog_000184.jpg,0
dog/pixabay_dog_000187.jpg,6
dog/pixabay_dog_000188.jpg,0
dog/pixabay_dog_000189.jpg,0
dog/pixabay_dog_000190.jpg,0
dog/pixabay_dog_000191.jpg,0
dog/pixabay_dog_000192.jpg,6
dog/pixabay_dog_000193.jpg,0
dog/pixabay_dog_000194.jpg,0
dog/pixabay_dog_000195.jpg,0
dog/pixabay_dog_000196.jpg,0
dog/pixabay_dog_000197.jpg,0
dog/pixabay_dog_000198.jpg,0
dog/pixabay_dog_000199.jpg,6
dog/pixabay_dog_000200.jpg,6
dog/pixabay_dog_000202.jpg,0
dog/pixabay_dog_000203.jpg,0
dog/pixabay_dog_000204.jpg,6
dog/pixabay_dog_000205.jpg,6
dog/pixabay_dog_000207.jpg,0
dog/pixabay_dog_000208.jpg,6
dog/pixabay_dog_000209.jpg,0
dog/pixabay_dog_000210.jpg,0
dog/pixabay_dog_000211.jpg,0
dog/pixabay_dog_000212.jpg,0
dog/pixabay_dog_000213.jpg,0
dog/pixabay_dog_000214.jpg,0
dog/pixabay_dog_000215.jpg,0
dog/pixabay_dog_000216.jpg,0
dog/pixabay_dog_000217.jpg,0
dog/pixabay_dog_000218.jpg,6
dog/pixabay_dog_000219.jpg,0
dog/pixabay_dog_000220.jpg,0
dog/pixabay_dog_000221.jpg,0
dog/pixabay_dog_000222.jpg,0
dog/pixabay_dog_000223.jpg,0
dog/pixabay_dog_000224.jpg,0
dog/pixabay_dog_000225.jpg,0
dog/pixabay_dog_000226.jpg,0
dog/pixabay_dog_000228.jpg,0
dog/pixabay_dog_000229.jpg,0
dog/pixabay_dog_000230.jpg,0
dog/pixabay_dog_000231.jpg,0
dog/pixabay_dog_000232.jpg,0
dog/pixabay_dog_000233.jpg,6
dog/pixabay_dog_000234.jpg,0
dog/pixabay_dog_000235.jpg,0
dog/pixabay_dog_000236.jpg,6
dog/pixabay_dog_000237.jpg,0
dog/pixabay_dog_000240.jpg,0
dog/pixabay_dog_000242.jpg,0
dog/pixabay_dog_000243.jpg,0
dog/pixabay_dog_000244.jpg,0
dog/pixabay_dog_000245.jpg,0
dog/pixabay_dog_000246.jpg,6
dog/pixabay_dog_000247.jpg,6
dog/pixabay_dog_000248.jpg,0
dog/pixabay_dog_000249.jpg,0
dog/pixabay_dog_000250.jpg,0
dog/pixabay_dog_000251.jpg,6
dog/pixabay_dog_000252.jpg,0
dog/pixabay_dog_000253.jpg,0
dog/pixabay_dog_000254.jpg,6
dog/pixabay_dog_000255.jpg,0
dog/pixabay_dog_000256.jpg,6
dog/pixabay_dog_000257.jpg,6
dog/pixabay_dog_000258.jpg,0
dog/pixabay_dog_000259.jpg,0
dog/pixabay_dog_000260.jpg,0
dog/pixabay_dog_000261.jpg,0
dog/pixabay_dog_000262.jpg,6
dog/pixabay_dog_000263.jpg,0
dog/pixabay_dog_000264.jpg,6
dog/pixabay_dog_000266.jpg,0
dog/pixabay_dog_000267.jpg,0
dog/pixabay_dog_000268.jpg,0
dog/pixabay_dog_000269.jpg,0
dog/pixabay_dog_000270.jpg,0
dog/pixabay_dog_000272.jpg,6
dog/pixabay_dog_000273.jpg,0
dog/pixabay_dog_000274.jpg,0
dog/pixabay_dog_000275.jpg,0
dog/pixabay_dog_000276.jpg,0
dog/pixabay_dog_000279.jpg,0
dog/pixabay_dog_000280.jpg,0
dog/pixabay_dog_000281.jpg,0
dog/pixabay_dog_000282.jpg,6
dog/pixabay_dog_000283.jpg,6
dog/pixabay_dog_000284.jpg,0
dog/pixabay_dog_000285.jpg,0
dog/pixabay_dog_000286.jpg,0
dog/pixabay_dog_000287.jpg,0
dog/pixabay_dog_000288.jpg,6
dog/pixabay_dog_000289.jpg,0
dog/pixabay_dog_000290.jpg,0
dog/pixabay_dog_000291.jpg,6
dog/pixabay_dog_000292.jpg,0
dog/pixabay_dog_000293.jpg,0
dog/pixabay_dog_000294.jpg,0
dog/pixabay_dog_000295.jpg,0
dog/pixabay_dog_000296.jpg,0
dog/pixabay_dog_000297.jpg,0
dog/pixabay_dog_000299.jpg,0
dog/pixabay_dog_000300.jpg,0
dog/pixabay_dog_000302.jpg,0
dog/pixabay_dog_000303.jpg,6
dog/pixabay_dog_000304.jpg,0
dog/pixabay_dog_000305.jpg,0
dog/pixabay_dog_000306.jpg,6
dog/pixabay_dog_000308.jpg,0
dog/pixabay_dog_000309.jpg,6
dog/pixabay_dog_000310.jpg,0
dog/pixabay_dog_000312.jpg,6
dog/pixabay_dog_000313.jpg,0
dog/pixabay_dog_000314.jpg,0
dog/pixabay_dog_000315.jpg,0
dog/pixabay_dog_000316.jpg,0
dog/pixabay_dog_000317.jpg,0
dog/pixabay_dog_000318.jpg,0
dog/pixabay_dog_000319.jpg,0
dog/pixabay_dog_000320.jpg,0
dog/pixabay_dog_000323.jpg,0
dog/pixabay_dog_000324.jpg,0
dog/pixabay_dog_000325.jpg,0
dog/pixabay_dog_000326.jpg,0
dog/pixabay_dog_000328.jpg,0
dog/pixabay_dog_000329.jpg,0
dog/pixabay_dog_000331.jpg,0
dog/pixabay_dog_000332.jpg,6
dog/pixabay_dog_000333.jpg,0
dog/pixabay_dog_000334.jpg,0
dog/pixabay_dog_000335.jpg,0
dog/pixabay_dog_000336.jpg,6
dog/pixabay_dog_000337.jpg,6
dog/pixabay_dog_000339.jpg,0
dog/pixabay_dog_000340.jpg,0
dog/pixabay_dog_000342.jpg,6
dog/pixabay_dog_000343.jpg,0
dog/pixabay_dog_000344.jpg,0
dog/pixabay_dog_000345.jpg,0
dog/pixabay_dog_000346.jpg,0
dog/pixabay_dog_000347.jpg,0
dog/pixabay_dog_000348.jpg,0
dog/pixabay_dog_000349.jpg,0
dog/pixabay_dog_000350.jpg,0
dog/pixabay_dog_000352.jpg,0
dog/pixabay_dog_000353.jpg,0
dog/pixabay_dog_000354.jpg,0
dog/pixabay_dog_000355.jpg,0
dog/pixabay_dog_000356.jpg,0
dog/pixabay_dog_000358.jpg,0
dog/pixabay_dog_000359.jpg,0
dog/pixabay_dog_000360.jpg,0
dog/pixabay_dog_000361.jpg,0
dog/pixabay_dog_000362.jpg,6
dog/pixabay_dog_000363.jpg,0
dog/pixabay_dog_000364.jpg,0
dog/pixabay_dog_000365.jpg,0
dog/pixabay_dog_000366.jpg,0
dog/pixabay_dog_000367.jpg,0
dog/pixabay_dog_000368.jpg,0
dog/pixabay_dog_000369.jpg,0
dog/pixabay_dog_000370.jpg,0
dog/pixabay_dog_000371.jpg,0
dog/pixabay_dog_000372.jpg,0
dog/pixabay_dog_000374.jpg,0
dog/pixabay_dog_000375.jpg,0
dog/pixabay_dog_000376.jpg,6
dog/pixabay_dog_000377.jpg,0
dog/pixabay_dog_000378.jpg,0
dog/pixabay_dog_000379.jpg,0
dog/pixabay_dog_000380.jpg,6
dog/pixabay_dog_000381.jpg,0
dog/pixabay_dog_000383.jpg,0
dog/pixabay_dog_000384.jpg,0
dog/pixabay_dog_000385.jpg,0
dog/pixabay_dog_000386.jpg,0
dog/pixabay_dog_000387.jpg,6
dog/pixabay_dog_000388.jpg,0
dog/pixabay_dog_000389.jpg,0
dog/pixabay_dog_000390.jpg,0
dog/pixabay_dog_000391.jpg,0
dog/pixabay_dog_000392.jpg,0
dog/pixabay_dog_000394.jpg,0
dog/pixabay_dog_000396.jpg,0
dog/pixabay_dog_000397.jpg,0
dog/pixabay_dog_000398.jpg,6
dog/pixabay_dog_000399.jpg,0
dog/pixabay_dog_000400.jpg,0
dog/pixabay_dog_000401.jpg,6
dog/pixabay_dog_000402.jpg,6
dog/pixabay_dog_000403.jpg,0
dog/pixabay_dog_000404.jpg,0
dog/pixabay_dog_000405.jpg,0
dog/pixabay_dog_000406.jpg,6
dog/pixabay_dog_000407.jpg,0
dog/pixabay_dog_000408.jpg,0
dog/pixabay_dog_000411.jpg,0
dog/pixabay_dog_000412.jpg,0
dog/pixabay_dog_000413.jpg,0
dog/pixabay_dog_000414.jpg,0
dog/pixabay_dog_000415.jpg,0
dog/pixabay_dog_000416.jpg,0
dog/pixabay_dog_000417.jpg,0
dog/pixabay_dog_000418.jpg,0
dog/pixabay_dog_000419.jpg,0
dog/pixabay_dog_000420.jpg,0
dog/pixabay_dog_000421.jpg,0
dog/pixabay_dog_000422.jpg,0
dog/pixabay_dog_000423.jpg,0
dog/pixabay_dog_000424.jpg,6
dog/pixabay_dog_000425.jpg,0
dog/pixabay_dog_000426.jpg,0
dog/pixabay_dog_000427.jpg,0
dog/pixabay_dog_000428.jpg,0
dog/pixabay_dog_000429.jpg,0
dog/pixabay_dog_000430.jpg,0
dog/pixabay_dog_000431.jpg,0
dog/pixabay_dog_000432.jpg,0
dog/pixabay_dog_000433.jpg,0
dog/pixabay_dog_000434.jpg,6
dog/pixabay_dog_000435.jpg,0
dog/pixabay_dog_000436.jpg,0
dog/pixabay_dog_000437.jpg,0
dog/pixabay_dog_000438.jpg,6
dog/pixabay_dog_000439.jpg,0
dog/pixabay_dog_000440.jpg,6
dog/pixabay_dog_000441.jpg,0
dog/pixabay_dog_000443.jpg,0
dog/pixabay_dog_000444.jpg,0
dog/pixabay_dog_000445.jpg,0
dog/pixabay_dog_000446.jpg,0
dog/pixabay_dog_000447.jpg,0
dog/pixabay_dog_000448.jpg,0
dog/pixabay_dog_000449.jpg,0
dog/pixabay_dog_000450.jpg,0
dog/pixabay_dog_000451.jpg,6
dog/pixabay_dog_000456.jpg,0
dog/pixabay_dog_000457.jpg,0
dog/pixabay_dog_000458.jpg,0
dog/pixabay_dog_000459.jpg,0
dog/pixabay_dog_000460.jpg,0
dog/pixabay_dog_000461.jpg,0
dog/pixabay_dog_000462.jpg,0
dog/pixabay_dog_000463.jpg,0
dog/pixabay_dog_000464.jpg,0
dog/pixabay_dog_000465.jpg,0
dog/pixabay_dog_000466.jpg,0
dog/pixabay_dog_000467.jpg,0
dog/pixabay_dog_000468.jpg,6
dog/pixabay_dog_000469.jpg,6
dog/pixabay_dog_000470.jpg,0
dog/pixabay_dog_000472.jpg,0
dog/pixabay_dog_000474.jpg,0
dog/pixabay_dog_000475.jpg,0
dog/pixabay_dog_000476.jpg,0
dog/pixabay_dog_000477.jpg,0
dog/pixabay_dog_000478.jpg,0
dog/pixabay_dog_000479.jpg,0
dog/pixabay_dog_000481.jpg,6
dog/pixabay_dog_000483.jpg,6
dog/pixabay_dog_000485.jpg,0
dog/pixabay_dog_000486.jpg,0
dog/pixabay_dog_000487.jpg,0
dog/pixabay_dog_000488.jpg,0
dog/pixabay_dog_000489.jpg,0
dog/pixabay_dog_000492.jpg,0
dog/pixabay_dog_000493.jpg,0
dog/pixabay_dog_000495.jpg,0
dog/pixabay_dog_000496.jpg,0
dog/pixabay_dog_000497.jpg,0
dog/pixabay_dog_000498.jpg,0
dog/pixabay_dog_000501.jpg,0
dog/pixabay_dog_000502.jpg,0
dog/pixabay_dog_000503.jpg,0
dog/pixabay_dog_000505.jpg,6
dog/pixabay_dog_000506.jpg,0
dog/pixabay_dog_000509.jpg,0
dog/pixabay_dog_000510.jpg,6
dog/pixabay_dog_000511.jpg,0
dog/pixabay_dog_000512.jpg,6
dog/pixabay_dog_000513.jpg,0
dog/pixabay_dog_000514.jpg,0
dog/pixabay_dog_000515.jpg,0
dog/pixabay_dog_000516.jpg,0
dog/pixabay_dog_000517.jpg,0
dog/pixabay_dog_000518.jpg,6
dog/pixabay_dog_000519.jpg,6
dog/pixabay_dog_000520.jpg,0
dog/pixabay_dog_000522.jpg,0
dog/pixabay_dog_000523.jpg,6
dog/pixabay_dog_000524.jpg,0
dog/pixabay_dog_000525.jpg,0
dog/pixabay_dog_000526.jpg,6
dog/pixabay_dog_000527.jpg,0
dog/pixabay_dog_000528.jpg,0
dog/pixabay_dog_000529.jpg,0
dog/pixabay_dog_000530.jpg,0
dog/pixabay_dog_000531.jpg,0
dog/pixabay_dog_000532.jpg,0
dog/pixabay_dog_000533.jpg,0
dog/pixabay_dog_000535.jpg,0
dog/pixabay_dog_000536.jpg,0
dog/pixabay_dog_000537.jpg,0
dog/pixabay_dog_000538.jpg,0
dog/pixabay_dog_000539.jpg,0
dog/pixabay_dog_000540.jpg,0
dog/pixabay_dog_000541.jpg,0
dog/pixabay_dog_000542.jpg,0
dog/pixabay_dog_000543.jpg,0
dog/pixabay_dog_000544.jpg,0
dog/pixabay_dog_000545.jpg,0
dog/pixabay_dog_000546.jpg,6
dog/pixabay_dog_000547.jpg,0
dog/pixabay_dog_000548.jpg,0
dog/pixabay_dog_000549.jpg,0
dog/pixabay_dog_000551.jpg,0
dog/pixabay_dog_000552.jpg,6
dog/pixabay_dog_000553.jpg,0
dog/pixabay_dog_000554.jpg,0
dog/pixabay_dog_000555.jpg,0
dog/pixabay_dog_000556.jpg,0
dog/pixabay_dog_000557.jpg,0
dog/pixabay_dog_000558.jpg,0
dog/pixabay_dog_000559.jpg,0
dog/pixabay_dog_000560.jpg,0
dog/pixabay_dog_000561.jpg,0
dog/pixabay_dog_000562.jpg,0
dog/pixabay_dog_000563.jpg,0
dog/pixabay_dog_000565.jpg,0
dog/pixabay_dog_000566.jpg,0
dog/pixabay_dog_000567.jpg,6
dog/pixabay_dog_000568.jpg,0
dog/pixabay_dog_000570.jpg,0
dog/pixabay_dog_000571.jpg,0
dog/pixabay_dog_000572.jpg,0
dog/pixabay_dog_000573.jpg,0
dog/pixabay_dog_000574.jpg,6
dog/pixabay_dog_000575.jpg,6
dog/pixabay_dog_000576.jpg,0
dog/pixabay_dog_000577.jpg,0
dog/pixabay_dog_000578.jpg,0
dog/pixabay_dog_000579.jpg,0
dog/pixabay_dog_000580.jpg,0
dog/pixabay_dog_000581.jpg,0
dog/pixabay_dog_000583.jpg,0
dog/pixabay_dog_000584.jpg,0
dog/pixabay_dog_000585.jpg,0
dog/pixabay_dog_000586.jpg,0
dog/pixabay_dog_000587.jpg,0
dog/pixabay_dog_000588.jpg,0
dog/pixabay_dog_000589.jpg,6
dog/pixabay_dog_000590.jpg,6
dog/pixabay_dog_000591.jpg,0
dog/pixabay_dog_000592.jpg,0
dog/pixabay_dog_000593.jpg,0
dog/pixabay_dog_000594.jpg,0
dog/pixabay_dog_000595.jpg,0
dog/pixabay_dog_000596.jpg,6
dog/pixabay_dog_000597.jpg,0
dog/pixabay_dog_000598.jpg,0
dog/pixabay_dog_000601.jpg,6
dog/pixabay_dog_000602.jpg,0
dog/pixabay_dog_000603.jpg,0
dog/pixabay_dog_000604.jpg,6
dog/pixabay_dog_000605.jpg,0
dog/pixabay_dog_000606.jpg,0
dog/pixabay_dog_000608.jpg,0
dog/pixabay_dog_000609.jpg,0
dog/pixabay_dog_000610.jpg,0
dog/pixabay_dog_000612.jpg,0
dog/pixabay_dog_000613.jpg,0
dog/pixabay_dog_000614.jpg,0
dog/pixabay_dog_000615.jpg,6
dog/pixabay_dog_000616.jpg,0
dog/pixabay_dog_000619.jpg,0
dog/pixabay_dog_000620.jpg,0
dog/pixabay_dog_000621.jpg,0
dog/pixabay_dog_000622.jpg,0
dog/pixabay_dog_000623.jpg,6
dog/pixabay_dog_000624.jpg,0
dog/pixabay_dog_000625.jpg,0
dog/pixabay_dog_000626.jpg,0
dog/pixabay_dog_000627.jpg,0
dog/pixabay_dog_000628.jpg,0
dog/pixabay_dog_000629.jpg,6
dog/pixabay_dog_000630.jpg,0
dog/pixabay_dog_000631.jpg,0
dog/pixabay_dog_000632.jpg,6
dog/pixabay_dog_000633.jpg,0
dog/pixabay_dog_000634.jpg,0
dog/pixabay_dog_000635.jpg,0
dog/pixabay_dog_000636.jpg,0
dog/pixabay_dog_000637.jpg,6
dog/pixabay_dog_000638.jpg,0
dog/pixabay_dog_000639.jpg,0
dog/pixabay_dog_000641.jpg,0
dog/pixabay_dog_000642.jpg,6
dog/pixabay_dog_000643.jpg,0
dog/pixabay_dog_000644.jpg,0
dog/pixabay_dog_000645.jpg,0
dog/pixabay_dog_000648.jpg,0
dog/pixabay_dog_000649.jpg,0
dog/pixabay_dog_000650.jpg,6
dog/pixabay_dog_000651.jpg,0
dog/pixabay_dog_000652.jpg,0
dog/pixabay_dog_000653.jpg,0
dog/pixabay_dog_000654.jpg,0
dog/pixabay_dog_000655.jpg,0
dog/pixabay_dog_000656.jpg,0
dog/pixabay_dog_000657.jpg,0
dog/pixabay_dog_000658.jpg,0
dog/pixabay_dog_000659.jpg,0
dog/pixabay_dog_000660.jpg,0
dog/pixabay_dog_000661.jpg,0
dog/pixabay_dog_000662.jpg,6
dog/pixabay_dog_000663.jpg,0
dog/pixabay_dog_000664.jpg,6
dog/pixabay_dog_000665.jpg,6
dog/pixabay_dog_000666.jpg,0
dog/pixabay_dog_000667.jpg,6
dog/pixabay_dog_000668.jpg,0
dog/pixabay_dog_000669.jpg,6
dog/pixabay_dog_000670.jpg,0
dog/pixabay_dog_000671.jpg,0
dog/pixabay_dog_000673.jpg,0
dog/pixabay_dog_000674.jpg,0
dog/pixabay_dog_000675.jpg,0
dog/pixabay_dog_000676.jpg,0
dog/pixabay_dog_000677.jpg,0
dog/pixabay_dog_000678.jpg,6
dog/pixabay_dog_000679.jpg,0
dog/pixabay_dog_000680.jpg,6
dog/pixabay_dog_000681.jpg,0
dog/pixabay_dog_000682.jpg,0
dog/pixabay_dog_000683.jpg,6
dog/pixabay_dog_000684.jpg,0
dog/pixabay_dog_000685.jpg,0
dog/pixabay_dog_000686.jpg,6
dog/pixabay_dog_000687.jpg,0
dog/pixabay_dog_000688.jpg,0
dog/pixabay_dog_000689.jpg,0
dog/pixabay_dog_000690.jpg,0
dog/pixabay_dog_000692.jpg,6
dog/pixabay_dog_000693.jpg,0
dog/pixabay_dog_000694.jpg,0
dog/pixabay_dog_000695.jpg,6
dog/pixabay_dog_000696.jpg,0
dog/pixabay_dog_000697.jpg,0
dog/pixabay_dog_000698.jpg,0
dog/pixabay_dog_000699.jpg,0
dog/pixabay_dog_000700.jpg,0
dog/pixabay_dog_000701.jpg,0
dog/pixabay_dog_000702.jpg,0
dog/pixabay_dog_000703.jpg,0
dog/pixabay_dog_000704.jpg,0
dog/pixabay_dog_000705.jpg,0
dog/pixabay_dog_000706.jpg,0
dog/pixabay_dog_000707.jpg,0
dog/pixabay_dog_000708.jpg,0
dog/pixabay_dog_000709.jpg,0
dog/pixabay_dog_000710.jpg,6
dog/pixabay_dog_000711.jpg,0
dog/pixabay_dog_000712.jpg,0
dog/pixabay_dog_000714.jpg,0
dog/pixabay_dog_000716.jpg,6
dog/pixabay_dog_000717.jpg,0
dog/pixabay_dog_000718.jpg,0
dog/pixabay_dog_000719.jpg,6
dog/pixabay_dog_000720.jpg,0
dog/pixabay_dog_000721.jpg,0
dog/pixabay_dog_000722.jpg,0
dog/pixabay_dog_000725.jpg,0
dog/pixabay_dog_000726.jpg,0
dog/pixabay_dog_000727.jpg,0
dog/pixabay_dog_000728.jpg,6
dog/pixabay_dog_000729.jpg,6
dog/pixabay_dog_000730.jpg,0
dog/pixabay_dog_000731.jpg,0
dog/pixabay_dog_000732.jpg,0
dog/pixabay_dog_000733.jpg,0
dog/pixabay_dog_000734.jpg,0
dog/pixabay_dog_000735.jpg,0
dog/pixabay_dog_000736.jpg,0
dog/pixabay_dog_000739.jpg,0
dog/pixabay_dog_000740.jpg,0
dog/pixabay_dog_000741.jpg,0
dog/pixabay_dog_000742.jpg,0
dog/pixabay_dog_000743.jpg,0
dog/pixabay_dog_000744.jpg,6
dog/pixabay_dog_000745.jpg,6
dog/pixabay_dog_000746.jpg,6
dog/pixabay_dog_000747.jpg,0
dog/pixabay_dog_000748.jpg,0
dog/pixabay_dog_000749.jpg,0
dog/pixabay_dog_000750.jpg,0
dog/pixabay_dog_000751.jpg,0
dog/pixabay_dog_000752.jpg,0
dog/pixabay_dog_000753.jpg,0
dog/pixabay_dog_000754.jpg,0
dog/pixabay_dog_000755.jpg,6
dog/pixabay_dog_000756.jpg,0
dog/pixabay_dog_000757.jpg,0
dog/pixabay_dog_000758.jpg,0
dog/pixabay_dog_000759.jpg,0
dog/pixabay_dog_000760.jpg,0
dog/pixabay_dog_000761.jpg,0
dog/pixabay_dog_000762.jpg,0
dog/pixabay_dog_000763.jpg,0
dog/pixabay_dog_000765.jpg,0
dog/pixabay_dog_000766.jpg,0
dog/pixabay_dog_000767.jpg,0
dog/pixabay_dog_000768.jpg,0
dog/pixabay_dog_000769.jpg,0
dog/pixabay_dog_000770.jpg,0
dog/pixabay_dog_000771.jpg,0
dog/pixabay_dog_000772.jpg,0
dog/pixabay_dog_000773.jpg,0
dog/pixabay_dog_000774.jpg,0
dog/pixabay_dog_000775.jpg,0
dog/pixabay_dog_000777.jpg,0
dog/pixabay_dog_000778.jpg,0
dog/pixabay_dog_000779.jpg,0
dog/pixabay_dog_000780.jpg,0
dog/pixabay_dog_000781.jpg,0
dog/pixabay_dog_000782.jpg,6
dog/pixabay_dog_000783.jpg,0
dog/pixabay_dog_000784.jpg,0
dog/pixabay_dog_000785.jpg,0
dog/pixabay_dog_000786.jpg,6
dog/pixabay_dog_000787.jpg,0
dog/pixabay_dog_000788.jpg,0
dog/pixabay_dog_000789.jpg,0
dog/pixabay_dog_000792.jpg,0
dog/pixabay_dog_000793.jpg,0
dog/pixabay_dog_000795.jpg,6
dog/pixabay_dog_000796.jpg,0
dog/pixabay_dog_000797.jpg,0
dog/pixabay_dog_000798.jpg,0
dog/pixabay_dog_000800.jpg,0
dog/pixabay_dog_000801.jpg,6
dog/pixabay_dog_000802.jpg,0
dog/pixabay_dog_000803.jpg,0
dog/pixabay_dog_000804.jpg,0
dog/pixabay_dog_000805.jpg,0
dog/pixabay_dog_000806.jpg,0
dog/pixabay_dog_000807.jpg,0
dog/pixabay_dog_000808.jpg,0
dog/pixabay_dog_000809.jpg,0
dog/pixabay_dog_000810.jpg,0
dog/pixabay_dog_000811.jpg,0
dog/pixabay_dog_000812.jpg,0
dog/pixabay_dog_000813.jpg,0
dog/pixabay_dog_000814.jpg,0
dog/pixabay_dog_000815.jpg,0
dog/pixabay_dog_000817.jpg,0
dog/pixabay_dog_000819.jpg,0
dog/pixabay_dog_000820.jpg,0
dog/pixabay_dog_000821.jpg,0
dog/pixabay_dog_000822.jpg,6
dog/pixabay_dog_000823.jpg,0
dog/pixabay_dog_000824.jpg,6
dog/pixabay_dog_000825.jpg,0
dog/pixabay_dog_000827.jpg,0
dog/pixabay_dog_000828.jpg,0
dog/pixabay_dog_000829.jpg,0
dog/pixabay_dog_000830.jpg,0
dog/pixabay_dog_000831.jpg,0
dog/pixabay_dog_000832.jpg,0
dog/pixabay_dog_000833.jpg,0
dog/pixabay_dog_000834.jpg,6
dog/pixabay_dog_000835.jpg,0
dog/pixabay_dog_000836.jpg,0
dog/pixabay_dog_000837.jpg,0
dog/pixabay_dog_000838.jpg,0
dog/pixabay_dog_000839.jpg,0
dog/pixabay_dog_000840.jpg,0
dog/pixabay_dog_000842.jpg,0
dog/pixabay_dog_000843.jpg,0
dog/pixabay_dog_000844.jpg,0
dog/pixabay_dog_000846.jpg,6
dog/pixabay_dog_000847.jpg,0
dog/pixabay_dog_000849.jpg,0
dog/pixabay_dog_000850.jpg,6
dog/pixabay_dog_000851.jpg,6
dog/pixabay_dog_000852.jpg,0
dog/pixabay_dog_000853.jpg,0
dog/pixabay_dog_000854.jpg,0
dog/pixabay_dog_000855.jpg,0
dog/pixabay_dog_000856.jpg,0
dog/pixabay_dog_000857.jpg,0
dog/pixabay_dog_000858.jpg,0
dog/pixabay_dog_000859.jpg,0
dog/pixabay_dog_000860.jpg,0
dog/pixabay_dog_000861.jpg,0
dog/pixabay_dog_000862.jpg,0
dog/pixabay_dog_000863.jpg,0
dog/pixabay_dog_000864.jpg,6
dog/pixabay_dog_000865.jpg,0
dog/pixabay_dog_000866.jpg,0
dog/pixabay_dog_000867.jpg,0
dog/pixabay_dog_000868.jpg,0
dog/pixabay_dog_000869.jpg,0
dog/pixabay_dog_000870.jpg,6
dog/pixabay_dog_000871.jpg,0
dog/pixabay_dog_000872.jpg,0
dog/pixabay_dog_000873.jpg,0
dog/pixabay_dog_000874.jpg,0
dog/pixabay_dog_000876.jpg,6
dog/pixabay_dog_000877.jpg,0
dog/pixabay_dog_000878.jpg,0
dog/pixabay_dog_000879.jpg,0
dog/pixabay_dog_000880.jpg,0
dog/pixabay_dog_000881.jpg,0
dog/pixabay_dog_000882.jpg,6
dog/pixabay_dog_000883.jpg,0
dog/pixabay_dog_000884.jpg,0
dog/pixabay_dog_000885.jpg,0
dog/pixabay_dog_000886.jpg,6
dog/pixabay_dog_000887.jpg,0
dog/pixabay_dog_000888.jpg,0
dog/pixabay_dog_000889.jpg,0
dog/pixabay_dog_000891.jpg,6
dog/pixabay_dog_000892.jpg,6
dog/pixabay_dog_000893.jpg,6
dog/pixabay_dog_000894.jpg,0
dog/pixabay_dog_000895.jpg,0
dog/pixabay_dog_000896.jpg,0
dog/pixabay_dog_000897.jpg,0
dog/pixabay_dog_000898.jpg,6
dog/pixabay_dog_000899.jpg,0
dog/pixabay_dog_000900.jpg,0
dog/pixabay_dog_000901.jpg,0
dog/pixabay_dog_000902.jpg,6
dog/pixabay_dog_000903.jpg,6
dog/pixabay_dog_000904.jpg,0
dog/pixabay_dog_000905.jpg,0
dog/pixabay_dog_000906.jpg,0
dog/pixabay_dog_000907.jpg,6
dog/pixabay_dog_000908.jpg,6
dog/pixabay_dog_000909.jpg,0
dog/pixabay_dog_000911.jpg,0
dog/pixabay_dog_000912.jpg,0
dog/pixabay_dog_000913.jpg,0
dog/pixabay_dog_000914.jpg,0
dog/pixabay_dog_000915.jpg,0
dog/pixabay_dog_000916.jpg,0
dog/pixabay_dog_000918.jpg,0
dog/pixabay_dog_000919.jpg,0
dog/pixabay_dog_000920.jpg,6
dog/pixabay_dog_000921.jpg,6
dog/pixabay_dog_000922.jpg,0
dog/pixabay_dog_000923.jpg,0
dog/pixabay_dog_000924.jpg,0
dog/pixabay_dog_000925.jpg,0
dog/pixabay_dog_000926.jpg,0
dog/pixabay_dog_000927.jpg,0
dog/pixabay_dog_000928.jpg,6
dog/pixabay_dog_000929.jpg,0
dog/pixabay_dog_000930.jpg,0
dog/pixabay_dog_000931.jpg,0
dog/pixabay_dog_000932.jpg,0
dog/pixabay_dog_000933.jpg,0
dog/pixabay_dog_000934.jpg,6
dog/pixabay_dog_000936.jpg,0
dog/pixabay_dog_000937.jpg,0
dog/pixabay_dog_000938.jpg,0
dog/pixabay_dog_000940.jpg,0
dog/pixabay_dog_000941.jpg,0
dog/pixabay_dog_000942.jpg,0
dog/pixabay_dog_000943.jpg,6
dog/pixabay_dog_000944.jpg,0
dog/pixabay_dog_000945.jpg,0
dog/pixabay_dog_000946.jpg,0
dog/pixabay_dog_000947.jpg,0
dog/pixabay_dog_000948.jpg,0
dog/pixabay_dog_000949.jpg,0
dog/pixabay_dog_000950.jpg,6
dog/pixabay_dog_000951.jpg,0
dog/pixabay_dog_000952.jpg,6
dog/pixabay_dog_000953.jpg,6
dog/pixabay_dog_000954.jpg,0
dog/pixabay_dog_000955.jpg,0
dog/pixabay_dog_000957.jpg,0
dog/pixabay_dog_000958.jpg,0
dog/pixabay_dog_000959.jpg,6
dog/pixabay_dog_000960.jpg,0
dog/pixabay_dog_000961.jpg,0
dog/pixabay_dog_000962.jpg,0
dog/pixabay_dog_000963.jpg,0
dog/pixabay_dog_000964.jpg,0
dog/pixabay_dog_000965.jpg,0
dog/pixabay_dog_000966.jpg,0
dog/pixabay_dog_000967.jpg,0
dog/pixabay_dog_000968.jpg,0
dog/pixabay_dog_000969.jpg,0
dog/pixabay_dog_000970.jpg,6
dog/pixabay_dog_000972.jpg,0
dog/pixabay_dog_000973.jpg,0
dog/pixabay_dog_000974.jpg,6
dog/pixabay_dog_000975.jpg,0
dog/pixabay_dog_000976.jpg,0
dog/pixabay_dog_000977.jpg,0
dog/pixabay_dog_000978.jpg,0
dog/pixabay_dog_000979.jpg,0
dog/pixabay_dog_000980.jpg,0
dog/pixabay_dog_000981.jpg,6
dog/pixabay_dog_000983.jpg,6
dog/pixabay_dog_000984.jpg,0
dog/pixabay_dog_000985.jpg,6
dog/pixabay_dog_000986.jpg,6
dog/pixabay_dog_000987.jpg,0
dog/pixabay_dog_000988.jpg,0
dog/pixabay_dog_000989.jpg,0
dog/pixabay_dog_000990.jpg,6
dog/pixabay_dog_000991.jpg,0
dog/pixabay_dog_000992.jpg,0
dog/pixabay_dog_000993.jpg,0
dog/pixabay_dog_000994.jpg,0
dog/pixabay_dog_000995.jpg,0
dog/pixabay_dog_000996.jpg,6
dog/pixabay_dog_000997.jpg,0
dog/pixabay_dog_000998.jpg,0
dog/pixabay_dog_000999.jpg,0
dog/pixabay_dog_001000.jpg,0
dog/pixabay_dog_001001.jpg,0
dog/pixabay_dog_001002.jpg,0
dog/pixabay_dog_001003.jpg,0
dog/pixabay_dog_001004.jpg,0
dog/pixabay_dog_001005.jpg,0
dog/pixabay_dog_001006.jpg,6
dog/pixabay_dog_001007.jpg,6
dog/pixabay_dog_001008.jpg,0
dog/pixabay_dog_001009.jpg,0
dog/pixabay_dog_001010.jpg,6
dog/pixabay_dog_001011.jpg,6
dog/pixabay_dog_001012.jpg,0
dog/pixabay_dog_001013.jpg,0
dog/pixabay_dog_001015.jpg,0
dog/pixabay_dog_001016.jpg,0
dog/pixabay_dog_001017.jpg,0
dog/pixabay_dog_001018.jpg,0
dog/pixabay_dog_001019.jpg,0
dog/pixabay_dog_001020.jpg,6
dog/pixabay_dog_001021.jpg,0
dog/pixabay_dog_001022.jpg,0
dog/pixabay_dog_001023.jpg,0
dog/pixabay_dog_001024.jpg,0
dog/pixabay_dog_001026.jpg,0
dog/pixabay_dog_001027.jpg,6
dog/pixabay_dog_001028.jpg,0
dog/pixabay_dog_001029.jpg,0
dog/pixabay_dog_001030.jpg,0
dog/pixabay_dog_001032.jpg,0
dog/pixabay_dog_001033.jpg,0
dog/pixabay_dog_001034.jpg,0
dog/pixabay_dog_001035.jpg,0
dog/pixabay_dog_001036.jpg,0
dog/pixabay_dog_001037.jpg,0
dog/pixabay_dog_001039.jpg,6
dog/pixabay_dog_001040.jpg,0
dog/pixabay_dog_001041.jpg,0
dog/pixabay_dog_001042.jpg,0
dog/pixabay_dog_001044.jpg,0
dog/pixabay_dog_001045.jpg,6
dog/pixabay_dog_001046.jpg,0
dog/pixabay_dog_001047.jpg,6
dog/pixabay_dog_001048.jpg,0
dog/pixabay_dog_001049.jpg,6
dog/pixabay_dog_001050.jpg,6
dog/pixabay_dog_001051.jpg,0
dog/pixabay_dog_001052.jpg,0
dog/pixabay_dog_001053.jpg,0
dog/pixabay_dog_001054.jpg,0
dog/pixabay_dog_001055.jpg,0
dog/pixabay_dog_001056.jpg,0
dog/pixabay_dog_001057.jpg,0
dog/pixabay_dog_001058.jpg,0
dog/pixabay_dog_001060.jpg,0
dog/pixabay_dog_001061.jpg,0
dog/pixabay_dog_001062.jpg,0
dog/pixabay_dog_001063.jpg,0
dog/pixabay_dog_001064.jpg,6
dog/pixabay_dog_001065.jpg,0
dog/pixabay_dog_001066.jpg,0
dog/pixabay_dog_001067.jpg,6
dog/pixabay_dog_001068.jpg,0
dog/pixabay_dog_001070.jpg,0
dog/pixabay_dog_001071.jpg,0
dog/pixabay_dog_001072.jpg,6
dog/pixabay_dog_001074.jpg,0
dog/pixabay_dog_001075.jpg,0
dog/pixabay_dog_001076.jpg,0
dog/pixabay_dog_001077.jpg,0
dog/pixabay_dog_001078.jpg,0
dog/pixabay_dog_001079.jpg,0
dog/pixabay_dog_001080.jpg,0
dog/pixabay_dog_001084.jpg,0
dog/pixabay_dog_001086.jpg,6
dog/pixabay_dog_001087.jpg,0
dog/pixabay_dog_001088.jpg,0
dog/pixabay_dog_001089.jpg,0
dog/pixabay_dog_001090.jpg,6
dog/pixabay_dog_001091.jpg,0
dog/pixabay_dog_001092.jpg,0
dog/pixabay_dog_001093.jpg,0
dog/pixabay_dog_001094.jpg,0
dog/pixabay_dog_001095.jpg,0
dog/pixabay_dog_001096.jpg,6
dog/pixabay_dog_001097.jpg,0
dog/pixabay_dog_001099.jpg,0
dog/pixabay_dog_001100.jpg,0
dog/pixabay_dog_001101.jpg,6
dog/pixabay_dog_001102.jpg,6
dog/pixabay_dog_001103.jpg,0
dog/pixabay_dog_001104.jpg,0
dog/pixabay_dog_001105.jpg,0
dog/pixabay_dog_001106.jpg,0
dog/pixabay_dog_001107.jpg,0
dog/pixabay_dog_001108.jpg,0
dog/pixabay_dog_001109.jpg,0
dog/pixabay_dog_001110.jpg,0
dog/pixabay_dog_001111.jpg,0
dog/pixabay_dog_001112.jpg,0
dog/pixabay_dog_001113.jpg,0
dog/pixabay_dog_001114.jpg,0
dog/pixabay_dog_001115.jpg,0
dog/pixabay_dog_001116.jpg,0
dog/pixabay_dog_001117.jpg,0
dog/pixabay_dog_001118.jpg,0
dog/pixabay_dog_001119.jpg,0
dog/pixabay_dog_001120.jpg,0
dog/pixabay_dog_001122.jpg,0
dog/pixabay_dog_001123.jpg,0
dog/pixabay_dog_001124.jpg,0
dog/pixabay_dog_001125.jpg,0
dog/pixabay_dog_001126.jpg,0
dog/pixabay_dog_001127.jpg,0
dog/pixabay_dog_001128.jpg,0
dog/pixabay_dog_001129.jpg,6
dog/pixabay_dog_001130.jpg,0
dog/pixabay_dog_001131.jpg,0
dog/pixabay_dog_001132.jpg,0
dog/pixabay_dog_001133.jpg,6
dog/pixabay_dog_001134.jpg,6
dog/pixabay_dog_001135.jpg,0
dog/pixabay_dog_001136.jpg,0
dog/pixabay_dog_001137.jpg,0
dog/pixabay_dog_001138.jpg,0
dog/pixabay_dog_001139.jpg,0
dog/pixabay_dog_001140.jpg,0
dog/pixabay_dog_001141.jpg,6
dog/pixabay_dog_001142.jpg,0
dog/pixabay_dog_001143.jpg,0
dog/pixabay_dog_001144.jpg,0
dog/pixabay_dog_001146.jpg,0
dog/pixabay_dog_001147.jpg,0
dog/pixabay_dog_001148.jpg,0
dog/pixabay_dog_001149.jpg,0
dog/pixabay_dog_001150.jpg,0
dog/pixabay_dog_001151.jpg,0
dog/pixabay_dog_001152.jpg,0
dog/pixabay_dog_001154.jpg,6
dog/pixabay_dog_001155.jpg,0
dog/pixabay_dog_001157.jpg,6
dog/pixabay_dog_001158.jpg,0
dog/pixabay_dog_001159.jpg,0
dog/pixabay_dog_001160.jpg,0
dog/pixabay_dog_001161.jpg,0
dog/pixabay_dog_001162.jpg,0
dog/pixabay_dog_001163.jpg,0
dog/pixabay_dog_001164.jpg,0
dog/pixabay_dog_001165.jpg,0
dog/pixabay_dog_001166.jpg,6
dog/pixabay_dog_001167.jpg,0
dog/pixabay_dog_001168.jpg,0
dog/pixabay_dog_001169.jpg,0
dog/pixabay_dog_001170.jpg,0
dog/pixabay_dog_001172.jpg,0
dog/pixabay_dog_001173.jpg,0
dog/pixabay_dog_001174.jpg,0
dog/pixabay_dog_001175.jpg,0
dog/pixabay_dog_001176.jpg,0
dog/pixabay_dog_001177.jpg,0
dog/pixabay_dog_001178.jpg,0
dog/pixabay_dog_001179.jpg,0
dog/pixabay_dog_001180.jpg,0
dog/pixabay_dog_001181.jpg,6
dog/pixabay_dog_001182.jpg,0
dog/pixabay_dog_001183.jpg,6
dog/pixabay_dog_001184.jpg,0
dog/pixabay_dog_001185.jpg,0
dog/pixabay_dog_001186.jpg,0
dog/pixabay_dog_001187.jpg,0
dog/pixabay_dog_001188.jpg,0
dog/pixabay_dog_001189.jpg,0
dog/pixabay_dog_001190.jpg,0
dog/pixabay_dog_001191.jpg,6
dog/pixabay_dog_001193.jpg,0
dog/pixabay_dog_001194.jpg,6
dog/pixabay_dog_001197.jpg,0
dog/pixabay_dog_001198.jpg,0
dog/pixabay_dog_001200.jpg,0
dog/pixabay_dog_001201.jpg,0
dog/pixabay_dog_001202.jpg,0
dog/pixabay_dog_001203.jpg,6
dog/pixabay_dog_001204.jpg,0
dog/pixabay_dog_001206.jpg,0
dog/pixabay_dog_001207.jpg,0
dog/pixabay_dog_001208.jpg,0
dog/pixabay_dog_001209.jpg,6
dog/pixabay_dog_001210.jpg,0
dog/pixabay_dog_001212.jpg,0
dog/pixabay_dog_001213.jpg,0
dog/pixabay_dog_001214.jpg,0
dog/pixabay_dog_001215.jpg,0
dog/pixabay_dog_001216.jpg,0
dog/pixabay_dog_001217.jpg,0
dog/pixabay_dog_001218.jpg,0
dog/pixabay_dog_001219.jpg,0
dog/pixabay_dog_001220.jpg,0
dog/pixabay_dog_001221.jpg,0
dog/pixabay_dog_001222.jpg,6
dog/pixabay_dog_001223.jpg,0
dog/pixabay_dog_001224.jpg,0
dog/pixabay_dog_001225.jpg,0
dog/pixabay_dog_001226.jpg,0
dog/pixabay_dog_001227.jpg,6
dog/pixabay_dog_001228.jpg,6
dog/pixabay_dog_001229.jpg,0
dog/pixabay_dog_001230.jpg,0
dog/pixabay_dog_001232.jpg,0
dog/pixabay_dog_001233.jpg,6
dog/pixabay_dog_001235.jpg,6
dog/pixabay_dog_001237.jpg,6
dog/pixabay_dog_001238.jpg,0
dog/pixabay_dog_001239.jpg,0
dog/pixabay_dog_001240.jpg,0
dog/pixabay_dog_001241.jpg,0
dog/pixabay_dog_001242.jpg,0
dog/pixabay_dog_001243.jpg,0
dog/pixabay_dog_001245.jpg,0
dog/pixabay_dog_001246.jpg,0
dog/pixabay_dog_001247.jpg,0
dog/pixabay_dog_001248.jpg,6
dog/pixabay_dog_001249.jpg,0
dog/pixabay_dog_001250.jpg,0
dog/pixabay_dog_001251.jpg,6
dog/pixabay_dog_001252.jpg,6
dog/pixabay_dog_001253.jpg,0
dog/pixabay_dog_001254.jpg,0
dog/pixabay_dog_001255.jpg,6
dog/pixabay_dog_001256.jpg,6
dog/pixabay_dog_001257.jpg,0
dog/pixabay_dog_001258.jpg,0
dog/pixabay_dog_001259.jpg,0
dog/pixabay_dog_001260.jpg,6
dog/pixabay_dog_001261.jpg,0
dog/pixabay_dog_001262.jpg,0
dog/pixabay_dog_001263.jpg,0
dog/pixabay_dog_001264.jpg,6
dog/pixabay_dog_001265.jpg,6
dog/pixabay_dog_001266.jpg,0
dog/pixabay_dog_001267.jpg,6
dog/pixabay_dog_001268.jpg,0
dog/pixabay_dog_001269.jpg,6
dog/pixabay_dog_001270.jpg,0
dog/pixabay_dog_001271.jpg,0
dog/pixabay_dog_001272.jpg,0
dog/pixabay_dog_001273.jpg,0
dog/pixabay_dog_001274.jpg,0
dog/pixabay_dog_001275.jpg,0
dog/pixabay_dog_001276.jpg,0
dog/pixabay_dog_001277.jpg,0
dog/pixabay_dog_001278.jpg,0
dog/pixabay_dog_001279.jpg,0
dog/pixabay_dog_001280.jpg,6
dog/pixabay_dog_001281.jpg,6
dog/pixabay_dog_001282.jpg,0
dog/pixabay_dog_001283.jpg,6
dog/pixabay_dog_001284.jpg,6
dog/pixabay_dog_001285.jpg,0
dog/pixabay_dog_001286.jpg,0
dog/pixabay_dog_001287.jpg,0
dog/pixabay_dog_001288.jpg,0
dog/pixabay_dog_001289.jpg,6
dog/pixabay_dog_001291.jpg,0
dog/pixabay_dog_001292.jpg,0
dog/pixabay_dog_001293.jpg,0
dog/pixabay_dog_001294.jpg,0
dog/pixabay_dog_001295.jpg,0
dog/pixabay_dog_001297.jpg,6
dog/pixabay_dog_001298.jpg,0
dog/pixabay_dog_001299.jpg,6
dog/pixabay_dog_001300.jpg,0
dog/pixabay_dog_001301.jpg,6
dog/pixabay_dog_001302.jpg,0
dog/pixabay_dog_001303.jpg,0
dog/pixabay_dog_001304.jpg,0
dog/pixabay_dog_001305.jpg,6
dog/pixabay_dog_001306.jpg,6
dog/pixabay_dog_001307.jpg,6
dog/pixabay_dog_001308.jpg,0
dog/pixabay_dog_001309.jpg,0
dog/pixabay_dog_001310.jpg,0
dog/pixabay_dog_001311.jpg,0
dog/pixabay_dog_001312.jpg,0
dog/pixabay_dog_001313.jpg,0
dog/pixabay_dog_001314.jpg,6
dog/pixabay_dog_001315.jpg,6
dog/pixabay_dog_001316.jpg,6
dog/pixabay_dog_001317.jpg,0
dog/pixabay_dog_001318.jpg,0
dog/pixabay_dog_001319.jpg,0
dog/pixabay_dog_001320.jpg,6
dog/pixabay_dog_001321.jpg,0
dog/pixabay_dog_001322.jpg,0
dog/pixabay_dog_001323.jpg,0
dog/pixabay_dog_001324.jpg,6
dog/pixabay_dog_001325.jpg,6
dog/pixabay_dog_001326.jpg,0
dog/pixabay_dog_001327.jpg,0
dog/pixabay_dog_001328.jpg,0
dog/pixabay_dog_001329.jpg,0
dog/pixabay_dog_001330.jpg,0
dog/pixabay_dog_001331.jpg,0
dog/pixabay_dog_001332.jpg,0
dog/pixabay_dog_001333.jpg,6
dog/pixabay_dog_001334.jpg,0
dog/pixabay_dog_001335.jpg,6
dog/pixabay_dog_001336.jpg,0
dog/pixabay_dog_001337.jpg,0
dog/pixabay_dog_001338.jpg,0
dog/pixabay_dog_001339.jpg,0
dog/pixabay_dog_001340.jpg,0
dog/pixabay_dog_001342.jpg,0
dog/pixabay_dog_001343.jpg,0
dog/pixabay_dog_001344.jpg,0
dog/pixabay_dog_001345.jpg,6
dog/pixabay_dog_001346.jpg,0
dog/pixabay_dog_001347.jpg,0
dog/pixabay_dog_001348.jpg,0
dog/pixabay_dog_001349.jpg,6
dog/pixabay_dog_001351.jpg,6
dog/pixabay_dog_001353.jpg,0
dog/pixabay_dog_001354.jpg,0
dog/pixabay_dog_001355.jpg,0
dog/pixabay_dog_001357.jpg,0
dog/pixabay_dog_001359.jpg,0
dog/pixabay_dog_001360.jpg,0
dog/pixabay_dog_001362.jpg,0
dog/pixabay_dog_001363.jpg,6
dog/pixabay_dog_001364.jpg,0
dog/pixabay_dog_001365.jpg,6
dog/pixabay_dog_001366.jpg,6
dog/pixabay_dog_001367.jpg,0
dog/pixabay_dog_001368.jpg,6
dog/pixabay_dog_001369.jpg,6
dog/pixabay_dog_001371.jpg,0
dog/pixabay_dog_001372.jpg,0
dog/pixabay_dog_001373.jpg,0
dog/pixabay_dog_001376.jpg,0
dog/pixabay_dog_001377.jpg,6
dog/pixabay_dog_001378.jpg,0
dog/pixabay_dog_001379.jpg,0
dog/pixabay_dog_001380.jpg,6
dog/pixabay_dog_001382.jpg,0
dog/pixabay_dog_001384.jpg,0
dog/pixabay_dog_001385.jpg,0
dog/pixabay_dog_001386.jpg,0
dog/pixabay_dog_001387.jpg,0
dog/pixabay_dog_001388.jpg,0
dog/pixabay_dog_001389.jpg,6
dog/pixabay_dog_001390.jpg,0
dog/pixabay_dog_001391.jpg,0
dog/pixabay_dog_001392.jpg,0
dog/pixabay_dog_001393.jpg,0
dog/pixabay_dog_001394.jpg,0
dog/pixabay_dog_001395.jpg,6
dog/pixabay_dog_001396.jpg,0
dog/pixabay_dog_001397.jpg,6
dog/pixabay_dog_001398.jpg,0
dog/pixabay_dog_001399.jpg,0
dog/pixabay_dog_001400.jpg,6
dog/pixabay_dog_001401.jpg,6
dog/pixabay_dog_001402.jpg,0
dog/pixabay_dog_001403.jpg,6
dog/pixabay_dog_001404.jpg,0
dog/pixabay_dog_001405.jpg,0
dog/pixabay_dog_001406.jpg,6
dog/pixabay_dog_001407.jpg,6
dog/pixabay_dog_001408.jpg,6
dog/pixabay_dog_001409.jpg,0
dog/pixabay_dog_001410.jpg,6
dog/pixabay_dog_001411.jpg,6
dog/pixabay_dog_001412.jpg,0
dog/pixabay_dog_001413.jpg,0
dog/pixabay_dog_001414.jpg,0
dog/pixabay_dog_001415.jpg,0
dog/pixabay_dog_001416.jpg,0
dog/pixabay_dog_001417.jpg,6
dog/pixabay_dog_001418.jpg,0
dog/pixabay_dog_001419.jpg,0
dog/pixabay_dog_001420.jpg,0
dog/pixabay_dog_001421.jpg,0
dog/pixabay_dog_001422.jpg,0
dog/pixabay_dog_001423.jpg,0
dog/pixabay_dog_001424.jpg,0
dog/pixabay_dog_001425.jpg,0
dog/pixabay_dog_001426.jpg,0
dog/pixabay_dog_001427.jpg,0
dog/pixabay_dog_001428.jpg,0
dog/pixabay_dog_001429.jpg,0
dog/pixabay_dog_001430.jpg,0
dog/pixabay_dog_001432.jpg,0
dog/pixabay_dog_001433.jpg,0
dog/pixabay_dog_001434.jpg,0
dog/pixabay_dog_001435.jpg,6
dog/pixabay_dog_001436.jpg,6
dog/pixabay_dog_001437.jpg,0
dog/pixabay_dog_001438.jpg,0
dog/pixabay_dog_001439.jpg,0
dog/pixabay_dog_001440.jpg,0
dog/pixabay_dog_001441.jpg,6
dog/pixabay_dog_001442.jpg,6
dog/pixabay_dog_001444.jpg,0
dog/pixabay_dog_001446.jpg,0
dog/pixabay_dog_001447.jpg,0
dog/pixabay_dog_001448.jpg,6
dog/pixabay_dog_001450.jpg,0
dog/pixabay_dog_001451.jpg,0
dog/pixabay_dog_001452.jpg,0
dog/pixabay_dog_001453.jpg,0
dog/pixabay_dog_001454.jpg,0
dog/pixabay_dog_001455.jpg,0
dog/pixabay_dog_001456.jpg,6
dog/pixabay_dog_001457.jpg,0
dog/pixabay_dog_001458.jpg,0
dog/pixabay_dog_001459.jpg,6
dog/pixabay_dog_001460.jpg,0
dog/pixabay_dog_001461.jpg,0
dog/pixabay_dog_001462.jpg,0
dog/pixabay_dog_001464.jpg,0
dog/pixabay_dog_001465.jpg,0
dog/pixabay_dog_001466.jpg,0
dog/pixabay_dog_001467.jpg,0
dog/pixabay_dog_001468.jpg,0
dog/pixabay_dog_001469.jpg,0
dog/pixabay_dog_001470.jpg,6
dog/pixabay_dog_001471.jpg,0
dog/pixabay_dog_001472.jpg,0
dog/pixabay_dog_001473.jpg,0
dog/pixabay_dog_001474.jpg,0
dog/pixabay_dog_001475.jpg,0
dog/pixabay_dog_001476.jpg,0
dog/pixabay_dog_001477.jpg,0
dog/pixabay_dog_001478.jpg,0
dog/pixabay_dog_001479.jpg,0
dog/pixabay_dog_001480.jpg,0
dog/pixabay_dog_001481.jpg,0
dog/pixabay_dog_001482.jpg,6
dog/pixabay_dog_001483.jpg,0
dog/pixabay_dog_001484.jpg,6
dog/pixabay_dog_001485.jpg,0
dog/pixabay_dog_001486.jpg,0
dog/pixabay_dog_001487.jpg,0
dog/pixabay_dog_001488.jpg,0
dog/pixabay_dog_001489.jpg,0
dog/pixabay_dog_001490.jpg,6
dog/pixabay_dog_001491.jpg,0
dog/pixabay_dog_001492.jpg,0
dog/pixabay_dog_001493.jpg,0
dog/pixabay_dog_001494.jpg,0
dog/pixabay_dog_001495.jpg,0
dog/pixabay_dog_001496.jpg,0
dog/pixabay_dog_001498.jpg,0
dog/pixabay_dog_001499.jpg,0
dog/pixabay_dog_001500.jpg,0
dog/pixabay_dog_001501.jpg,0
dog/pixabay_dog_001502.jpg,0
dog/pixabay_dog_001503.jpg,0
dog/pixabay_dog_001504.jpg,0
dog/pixabay_dog_001505.jpg,6
dog/pixabay_dog_001507.jpg,0
dog/pixabay_dog_001508.jpg,0
dog/pixabay_dog_001509.jpg,0
dog/pixabay_dog_001510.jpg,0
dog/pixabay_dog_001511.jpg,0
dog/pixabay_dog_001512.jpg,0
dog/pixabay_dog_001513.jpg,6
dog/pixabay_dog_001514.jpg,0
dog/pixabay_dog_001515.jpg,0
dog/pixabay_dog_001516.jpg,0
dog/pixabay_dog_001517.jpg,0
dog/pixabay_dog_001518.jpg,0
dog/pixabay_dog_001519.jpg,0
dog/pixabay_dog_001520.jpg,0
dog/pixabay_dog_001521.jpg,0
dog/pixabay_dog_001524.jpg,0
dog/pixabay_dog_001525.jpg,0
dog/pixabay_dog_001526.jpg,0
dog/pixabay_dog_001527.jpg,0
dog/pixabay_dog_001528.jpg,0
dog/pixabay_dog_001529.jpg,0
dog/pixabay_dog_001531.jpg,0
dog/pixabay_dog_001532.jpg,0
dog/pixabay_dog_001533.jpg,0
dog/pixabay_dog_001534.jpg,0
dog/pixabay_dog_001535.jpg,0
dog/pixabay_dog_001537.jpg,0
dog/pixabay_dog_001538.jpg,6
dog/pixabay_dog_001539.jpg,0
dog/pixabay_dog_001540.jpg,0
dog/pixabay_dog_001541.jpg,0
dog/pixabay_dog_001542.jpg,6
dog/pixabay_dog_001543.jpg,0
dog/pixabay_dog_001544.jpg,0
dog/pixabay_dog_001545.jpg,0
dog/pixabay_dog_001546.jpg,6
dog/pixabay_dog_001547.jpg,0
dog/pixabay_dog_001548.jpg,0
dog/pixabay_dog_001549.jpg,0
dog/pixabay_dog_001550.jpg,0
dog/pixabay_dog_001551.jpg,0
dog/pixabay_dog_001552.jpg,0
dog/pixabay_dog_001553.jpg,0
dog/pixabay_dog_001554.jpg,0
dog/pixabay_dog_001555.jpg,0
dog/pixabay_dog_001556.jpg,0
dog/pixabay_dog_001557.jpg,0
dog/pixabay_dog_001558.jpg,0
dog/pixabay_dog_001559.jpg,0
dog/pixabay_dog_001560.jpg,0
dog/pixabay_dog_001562.jpg,0
dog/pixabay_dog_001563.jpg,6
dog/pixabay_dog_001564.jpg,0
dog/pixabay_dog_001565.jpg,0
dog/pixabay_dog_001566.jpg,0
dog/pixabay_dog_001571.jpg,0
dog/pixabay_dog_001572.jpg,6
dog/pixabay_dog_001573.jpg,6
dog/pixabay_dog_001574.jpg,0
dog/pixabay_dog_001576.jpg,6
dog/pixabay_dog_001577.jpg,0
dog/pixabay_dog_001578.jpg,0
dog/pixabay_dog_001579.jpg,0
dog/pixabay_dog_001580.jpg,0
dog/pixabay_dog_001581.jpg,0
dog/pixabay_dog_001582.jpg,0
dog/pixabay_dog_001583.jpg,6
dog/pixabay_dog_001584.jpg,6
dog/pixabay_dog_001585.jpg,0
dog/pixabay_dog_001586.jpg,0
dog/pixabay_dog_001587.jpg,0
dog/pixabay_dog_001588.jpg,0
dog/pixabay_dog_001589.jpg,0
dog/pixabay_dog_001590.jpg,0
dog/pixabay_dog_001591.jpg,0
dog/pixabay_dog_001592.jpg,0
dog/pixabay_dog_001593.jpg,0
dog/pixabay_dog_001594.jpg,6
dog/pixabay_dog_001595.jpg,0
dog/pixabay_dog_001596.jpg,6
dog/pixabay_dog_001597.jpg,0
dog/pixabay_dog_001598.jpg,0
dog/pixabay_dog_001599.jpg,0
dog/pixabay_dog_001600.jpg,0
dog/pixabay_dog_001601.jpg,6
dog/pixabay_dog_001602.jpg,0
dog/pixabay_dog_001603.jpg,0
dog/pixabay_dog_001604.jpg,0
dog/pixabay_dog_001605.jpg,0
dog/pixabay_dog_001606.jpg,0
dog/pixabay_dog_001607.jpg,0
dog/pixabay_dog_001608.jpg,6
dog/pixabay_dog_001610.jpg,0
dog/pixabay_dog_001611.jpg,0
dog/pixabay_dog_001612.jpg,0
dog/pixabay_dog_001613.jpg,6
dog/pixabay_dog_001614.jpg,6
dog/pixabay_dog_001615.jpg,0
dog/pixabay_dog_001616.jpg,0
dog/pixabay_dog_001617.jpg,6
dog/pixabay_dog_001618.jpg,0
dog/pixabay_dog_001619.jpg,0
dog/pixabay_dog_001620.jpg,0
dog/pixabay_dog_001621.jpg,0
dog/pixabay_dog_001622.jpg,0
dog/pixabay_dog_001623.jpg,0
dog/pixabay_dog_001624.jpg,0
dog/pixabay_dog_001625.jpg,0
dog/pixabay_dog_001626.jpg,0
dog/pixabay_dog_001627.jpg,0
dog/pixabay_dog_001628.jpg,0
dog/pixabay_dog_001629.jpg,0
dog/pixabay_dog_001630.jpg,0
dog/pixabay_dog_001631.jpg,0
dog/pixabay_dog_001632.jpg,0
dog/pixabay_dog_001633.jpg,0
dog/pixabay_dog_001634.jpg,0
dog/pixabay_dog_001635.jpg,0
dog/pixabay_dog_001636.jpg,0
dog/pixabay_dog_001637.jpg,0
dog/pixabay_dog_001638.jpg,0
dog/pixabay_dog_001639.jpg,6
dog/pixabay_dog_001640.jpg,0
dog/pixabay_dog_001641.jpg,0
dog/pixabay_dog_001642.jpg,0
dog/pixabay_dog_001643.jpg,0
dog/pixabay_dog_001644.jpg,0
dog/pixabay_dog_001645.jpg,0
dog/pixabay_dog_001646.jpg,6
dog/pixabay_dog_001648.jpg,0
dog/pixabay_dog_001649.jpg,6
dog/pixabay_dog_001650.jpg,0
dog/pixabay_dog_001652.jpg,6
dog/pixabay_dog_001653.jpg,0
dog/pixabay_dog_001655.jpg,0
dog/pixabay_dog_001656.jpg,6
dog/pixabay_dog_001657.jpg,6
dog/pixabay_dog_001658.jpg,0
dog/pixabay_dog_001659.jpg,0
dog/pixabay_dog_001660.jpg,0
dog/pixabay_dog_001661.jpg,0
dog/pixabay_dog_001662.jpg,0
dog/pixabay_dog_001663.jpg,0
dog/pixabay_dog_001664.jpg,0
dog/pixabay_dog_001665.jpg,0
dog/pixabay_dog_001666.jpg,0
dog/pixabay_dog_001667.jpg,0
dog/pixabay_dog_001668.jpg,0
dog/pixabay_dog_001669.jpg,0
dog/pixabay_dog_001670.jpg,0
dog/pixabay_dog_001671.jpg,6
dog/pixabay_dog_001672.jpg,6
dog/pixabay_dog_001673.jpg,0
dog/pixabay_dog_001674.jpg,0
dog/pixabay_dog_001675.jpg,0
dog/pixabay_dog_001676.jpg,0
dog/pixabay_dog_001677.jpg,0
dog/pixabay_dog_001678.jpg,0
dog/pixabay_dog_001679.jpg,0
dog/pixabay_dog_001680.jpg,0
dog/pixabay_dog_001681.jpg,0
dog/pixabay_dog_001682.jpg,0
dog/pixabay_dog_001683.jpg,0
dog/pixabay_dog_001684.jpg,0
dog/pixabay_dog_001685.jpg,0
dog/pixabay_dog_001686.jpg,0
dog/pixabay_dog_001688.jpg,0
dog/pixabay_dog_001690.jpg,0
dog/pixabay_dog_001691.jpg,0
dog/pixabay_dog_001692.jpg,0
dog/pixabay_dog_001693.jpg,0
dog/pixabay_dog_001694.jpg,0
dog/pixabay_dog_001695.jpg,0
dog/pixabay_dog_001696.jpg,0
dog/pixabay_dog_001697.jpg,0
dog/pixabay_dog_001698.jpg,0
dog/pixabay_dog_001699.jpg,0
dog/pixabay_dog_001701.jpg,0
dog/pixabay_dog_001702.jpg,0
dog/pixabay_dog_001703.jpg,0
dog/pixabay_dog_001704.jpg,0
dog/pixabay_dog_001706.jpg,0
dog/pixabay_dog_001707.jpg,0
dog/pixabay_dog_001708.jpg,0
dog/pixabay_dog_001709.jpg,0
dog/pixabay_dog_001710.jpg,0
dog/pixabay_dog_001711.jpg,0
dog/pixabay_dog_001712.jpg,0
dog/pixabay_dog_001713.jpg,0
dog/pixabay_dog_001714.jpg,0
dog/pixabay_dog_001715.jpg,0
dog/pixabay_dog_001716.jpg,0
dog/pixabay_dog_001717.jpg,6
dog/pixabay_dog_001718.jpg,6
dog/pixabay_dog_001719.jpg,6
dog/pixabay_dog_001720.jpg,0
dog/pixabay_dog_001721.jpg,0
dog/pixabay_dog_001722.jpg,0
dog/pixabay_dog_001723.jpg,0
dog/pixabay_dog_001724.jpg,0
dog/pixabay_dog_001725.jpg,0
dog/pixabay_dog_001726.jpg,0
dog/pixabay_dog_001727.jpg,0
dog/pixabay_dog_001728.jpg,0
dog/pixabay_dog_001729.jpg,0
dog/pixabay_dog_001730.jpg,0
dog/pixabay_dog_001731.jpg,0
dog/pixabay_dog_001732.jpg,0
dog/pixabay_dog_001733.jpg,0
dog/pixabay_dog_001734.jpg,0
dog/pixabay_dog_001736.jpg,0
dog/pixabay_dog_001737.jpg,0
dog/pixabay_dog_001738.jpg,0
dog/pixabay_dog_001739.jpg,0
dog/pixabay_dog_001740.jpg,0
dog/pixabay_dog_001741.jpg,6
dog/pixabay_dog_001742.jpg,0
dog/pixabay_dog_001743.jpg,0
dog/pixabay_dog_001744.jpg,0
dog/pixabay_dog_001745.jpg,0
dog/pixabay_dog_001746.jpg,0
dog/pixabay_dog_001747.jpg,0
dog/pixabay_dog_001748.jpg,0
dog/pixabay_dog_001749.jpg,0
dog/pixabay_dog_001750.jpg,6
dog/pixabay_dog_001751.jpg,6
dog/pixabay_dog_001752.jpg,0
dog/pixabay_dog_001753.jpg,6
dog/pixabay_dog_001754.jpg,0
dog/pixabay_dog_001755.jpg,0
dog/pixabay_dog_001756.jpg,0
dog/pixabay_dog_001757.jpg,0
dog/pixabay_dog_001758.jpg,6
dog/pixabay_dog_001759.jpg,6
dog/pixabay_dog_001760.jpg,0
dog/pixabay_dog_001761.jpg,6
dog/pixabay_dog_001762.jpg,0
dog/pixabay_dog_001763.jpg,0
dog/pixabay_dog_001764.jpg,0
dog/pixabay_dog_001765.jpg,0
dog/pixabay_dog_001766.jpg,0
dog/pixabay_dog_001767.jpg,0
dog/pixabay_dog_001768.jpg,0
dog/pixabay_dog_001769.jpg,0
dog/pixabay_dog_001770.jpg,0
dog/pixabay_dog_001771.jpg,6
dog/pixabay_dog_001772.jpg,0
dog/pixabay_dog_001773.jpg,0
dog/pixabay_dog_001774.jpg,0
dog/pixabay_dog_001775.jpg,0
dog/pixabay_dog_001776.jpg,0
dog/pixabay_dog_001777.jpg,0
dog/pixabay_dog_001778.jpg,0
dog/pixabay_dog_001779.jpg,0
dog/pixabay_dog_001780.jpg,0
dog/pixabay_dog_001781.jpg,0
dog/pixabay_dog_001782.jpg,0
dog/pixabay_dog_001783.jpg,0
dog/pixabay_dog_001784.jpg,0
dog/pixabay_dog_001785.jpg,0
dog/pixabay_dog_001786.jpg,6
dog/pixabay_dog_001787.jpg,0
dog/pixabay_dog_001788.jpg,0
dog/pixabay_dog_001789.jpg,0
dog/pixabay_dog_001790.jpg,0
dog/pixabay_dog_001791.jpg,0
dog/pixabay_dog_001792.jpg,0
dog/pixabay_dog_001793.jpg,0
dog/pixabay_dog_001794.jpg,0
dog/pixabay_dog_001795.jpg,0
dog/pixabay_dog_001796.jpg,0
dog/pixabay_dog_001797.jpg,0
dog/pixabay_dog_001798.jpg,0
dog/pixabay_dog_001801.jpg,0
dog/pixabay_dog_001802.jpg,6
dog/pixabay_dog_001803.jpg,0
dog/pixabay_dog_001804.jpg,0
dog/pixabay_dog_001805.jpg,0
dog/pixabay_dog_001807.jpg,0
dog/pixabay_dog_001808.jpg,0
dog/pixabay_dog_001809.jpg,0
dog/pixabay_dog_001810.jpg,0
dog/pixabay_dog_001811.jpg,0
dog/pixabay_dog_001812.jpg,0
dog/pixabay_dog_001813.jpg,0
dog/pixabay_dog_001814.jpg,0
dog/pixabay_dog_001815.jpg,0
dog/pixabay_dog_001817.jpg,0
dog/pixabay_dog_001818.jpg,0
dog/pixabay_dog_001819.jpg,6
dog/pixabay_dog_001820.jpg,0
dog/pixabay_dog_001821.jpg,0
dog/pixabay_dog_001822.jpg,0
dog/pixabay_dog_001823.jpg,6
dog/pixabay_dog_001824.jpg,0
dog/pixabay_dog_001825.jpg,0
dog/pixabay_dog_001826.jpg,0
dog/pixabay_dog_001827.jpg,0
dog/pixabay_dog_001828.jpg,0
dog/pixabay_dog_001829.jpg,0
dog/pixabay_dog_001830.jpg,6
dog/pixabay_dog_001831.jpg,6
dog/pixabay_dog_001832.jpg,0
dog/pixabay_dog_001833.jpg,0
dog/pixabay_dog_001834.jpg,6
dog/pixabay_dog_001836.jpg,0
dog/pixabay_dog_001837.jpg,0
dog/pixabay_dog_001838.jpg,0
dog/pixabay_dog_001839.jpg,0
dog/pixabay_dog_001840.jpg,0
dog/pixabay_dog_001841.jpg,0
dog/pixabay_dog_001842.jpg,0
dog/pixabay_dog_001843.jpg,0
dog/pixabay_dog_001844.jpg,6
dog/pixabay_dog_001845.jpg,0
dog/pixabay_dog_001846.jpg,6
dog/pixabay_dog_001847.jpg,0
dog/pixabay_dog_001848.jpg,0
dog/pixabay_dog_001849.jpg,0
dog/pixabay_dog_001850.jpg,0
dog/pixabay_dog_001851.jpg,6
dog/pixabay_dog_001852.jpg,0
dog/pixabay_dog_001853.jpg,0
dog/pixabay_dog_001855.jpg,0
dog/pixabay_dog_001856.jpg,6
dog/pixabay_dog_001857.jpg,0
dog/pixabay_dog_001858.jpg,6
dog/pixabay_dog_001859.jpg,0
dog/pixabay_dog_001861.jpg,0
dog/pixabay_dog_001862.jpg,0
dog/pixabay_dog_001863.jpg,0
dog/pixabay_dog_001864.jpg,0
dog/pixabay_dog_001865.jpg,6
dog/pixabay_dog_001866.jpg,6
dog/pixabay_dog_001867.jpg,0
dog/pixabay_dog_001868.jpg,0
dog/pixabay_dog_001869.jpg,0
dog/pixabay_dog_001870.jpg,0
dog/pixabay_dog_001871.jpg,0
dog/pixabay_dog_001872.jpg,0
dog/pixabay_dog_001873.jpg,6
dog/pixabay_dog_001874.jpg,0
dog/pixabay_dog_001875.jpg,0
dog/pixabay_dog_001876.jpg,0
dog/pixabay_dog_001877.jpg,0
dog/pixabay_dog_001878.jpg,0
dog/pixabay_dog_001879.jpg,0
dog/pixabay_dog_001881.jpg,0
dog/pixabay_dog_001882.jpg,0
dog/pixabay_dog_001883.jpg,0
dog/pixabay_dog_001884.jpg,0
dog/pixabay_dog_001885.jpg,6
dog/pixabay_dog_001886.jpg,0
dog/pixabay_dog_001887.jpg,0
dog/pixabay_dog_001888.jpg,0
dog/pixabay_dog_001889.jpg,6
dog/pixabay_dog_001890.jpg,0
dog/pixabay_dog_001891.jpg,0
dog/pixabay_dog_001892.jpg,6
dog/pixabay_dog_001893.jpg,0
dog/pixabay_dog_001894.jpg,0
dog/pixabay_dog_001895.jpg,0
dog/pixabay_dog_001896.jpg,0
dog/pixabay_dog_001897.jpg,0
dog/pixabay_dog_001899.jpg,0
dog/pixabay_dog_001900.jpg,0
dog/pixabay_dog_001902.jpg,0
dog/pixabay_dog_001903.jpg,0
dog/pixabay_dog_001904.jpg,0
dog/pixabay_dog_001905.jpg,0
dog/pixabay_dog_001906.jpg,0
dog/pixabay_dog_001907.jpg,0
dog/pixabay_dog_001908.jpg,0
dog/pixabay_dog_001909.jpg,0
dog/pixabay_dog_001910.jpg,0
dog/pixabay_dog_001913.jpg,0
dog/pixabay_dog_001914.jpg,0
dog/pixabay_dog_001915.jpg,0
dog/pixabay_dog_001916.jpg,6
dog/pixabay_dog_001917.jpg,0
dog/pixabay_dog_001918.jpg,0
dog/pixabay_dog_001920.jpg,0
dog/pixabay_dog_001921.jpg,0
dog/pixabay_dog_001922.jpg,6
dog/pixabay_dog_001923.jpg,0
dog/pixabay_dog_001925.jpg,0
dog/pixabay_dog_001926.jpg,0
dog/pixabay_dog_001927.jpg,0
dog/pixabay_dog_001929.jpg,0
dog/pixabay_dog_001930.jpg,0
dog/pixabay_dog_001932.jpg,0
dog/pixabay_dog_001933.jpg,0
dog/pixabay_dog_001934.jpg,0
dog/pixabay_dog_001935.jpg,0
dog/pixabay_dog_001936.jpg,0
dog/pixabay_dog_001937.jpg,0
dog/pixabay_dog_001938.jpg,0
dog/pixabay_dog_001939.jpg,0
dog/pixabay_dog_001940.jpg,0
dog/pixabay_dog_001941.jpg,0
dog/pixabay_dog_001942.jpg,0
dog/pixabay_dog_001943.jpg,0
dog/pixabay_dog_001944.jpg,0
dog/pixabay_dog_001945.jpg,6
dog/pixabay_dog_001946.jpg,0
dog/pixabay_dog_001947.jpg,0
dog/pixabay_dog_001948.jpg,0
dog/pixabay_dog_001949.jpg,0
dog/pixabay_dog_001950.jpg,0
dog/pixabay_dog_001951.jpg,0
dog/pixabay_dog_001952.jpg,0
dog/pixabay_dog_001953.jpg,0
dog/pixabay_dog_001954.jpg,0
dog/pixabay_dog_001955.jpg,0
dog/pixabay_dog_001956.jpg,0
dog/pixabay_dog_001957.jpg,0
dog/pixabay_dog_001958.jpg,0
dog/pixabay_dog_001959.jpg,0
dog/pixabay_dog_001960.jpg,0
dog/pixabay_dog_001961.jpg,0
dog/pixabay_dog_001963.jpg,0
dog/pixabay_dog_001964.jpg,6
dog/pixabay_dog_001966.jpg,0
dog/pixabay_dog_001967.jpg,0
dog/pixabay_dog_001968.jpg,0
dog/pixabay_dog_001969.jpg,6
dog/pixabay_dog_001970.jpg,0
dog/pixabay_dog_001972.jpg,6
dog/pixabay_dog_001973.jpg,0
dog/pixabay_dog_001974.jpg,0
dog/pixabay_dog_001975.jpg,6
dog/pixabay_dog_001976.jpg,6
dog/pixabay_dog_001977.jpg,0
dog/pixabay_dog_001979.jpg,0
dog/pixabay_dog_001980.jpg,0
dog/pixabay_dog_001981.jpg,0
dog/pixabay_dog_001982.jpg,0
dog/pixabay_dog_001983.jpg,0
dog/pixabay_dog_001984.jpg,0
dog/pixabay_dog_001986.jpg,0
dog/pixabay_dog_001987.jpg,0
dog/pixabay_dog_001988.jpg,0
dog/pixabay_dog_001989.jpg,0
dog/pixabay_dog_001990.jpg,0
dog/pixabay_dog_001991.jpg,0
dog/pixabay_dog_001992.jpg,0
dog/pixabay_dog_001993.jpg,0
dog/pixabay_dog_001994.jpg,0
dog/pixabay_dog_001995.jpg,0
dog/pixabay_dog_001996.jpg,0
dog/pixabay_dog_001997.jpg,0
dog/pixabay_dog_001998.jpg,0
dog/pixabay_dog_001999.jpg,0
dog/pixabay_dog_002000.jpg,0
dog/pixabay_dog_002001.jpg,0
dog/pixabay_dog_002002.jpg,0
dog/pixabay_dog_002003.jpg,0
dog/pixabay_dog_002004.jpg,0
dog/pixabay_dog_002005.jpg,0
dog/pixabay_dog_002006.jpg,0
dog/pixabay_dog_002007.jpg,0
dog/pixabay_dog_002008.jpg,0
dog/pixabay_dog_002009.jpg,0
dog/pixabay_dog_002010.jpg,0
dog/pixabay_dog_002011.jpg,0
dog/pixabay_dog_002012.jpg,0
dog/pixabay_dog_002013.jpg,0
dog/pixabay_dog_002014.jpg,0
dog/pixabay_dog_002015.jpg,0
dog/pixabay_dog_002016.jpg,0
dog/pixabay_dog_002018.jpg,0
dog/pixabay_dog_002019.jpg,0
dog/pixabay_dog_002020.jpg,6
dog/pixabay_dog_002021.jpg,6
dog/pixabay_dog_002022.jpg,6
dog/pixabay_dog_002023.jpg,6
dog/pixabay_dog_002024.jpg,6
dog/pixabay_dog_002025.jpg,0
dog/pixabay_dog_002026.jpg,0
dog/pixabay_dog_002027.jpg,0
dog/pixabay_dog_002028.jpg,0
dog/pixabay_dog_002029.jpg,0
dog/pixabay_dog_002031.jpg,0
dog/pixabay_dog_002032.jpg,6
dog/pixabay_dog_002033.jpg,6
dog/pixabay_dog_002036.jpg,6
dog/pixabay_dog_002037.jpg,0
dog/pixabay_dog_002038.jpg,6
dog/pixabay_dog_002039.jpg,0
dog/pixabay_dog_002040.jpg,0
dog/pixabay_dog_002041.jpg,0
dog/pixabay_dog_002042.jpg,0
dog/pixabay_dog_002043.jpg,0
dog/pixabay_dog_002045.jpg,0
dog/pixabay_dog_002046.jpg,0
dog/pixabay_dog_002047.jpg,0
dog/pixabay_dog_002048.jpg,0
dog/pixabay_dog_002049.jpg,0
dog/pixabay_dog_002050.jpg,0
dog/pixabay_dog_002051.jpg,6
dog/pixabay_dog_002052.jpg,0
dog/pixabay_dog_002053.jpg,0
dog/pixabay_dog_002054.jpg,0
dog/pixabay_dog_002055.jpg,0
dog/pixabay_dog_002056.jpg,0
dog/pixabay_dog_002057.jpg,0
dog/pixabay_dog_002058.jpg,0
dog/pixabay_dog_002059.jpg,0
dog/pixabay_dog_002060.jpg,6
dog/pixabay_dog_002061.jpg,0
dog/pixabay_dog_002062.jpg,6
dog/pixabay_dog_002063.jpg,0
dog/pixabay_dog_002064.jpg,0
dog/pixabay_dog_002065.jpg,6
dog/pixabay_dog_002067.jpg,0
dog/pixabay_dog_002068.jpg,0
dog/pixabay_dog_002069.jpg,0
dog/pixabay_dog_002071.jpg,0
dog/pixabay_dog_002072.jpg,0
dog/pixabay_dog_002073.jpg,0
dog/pixabay_dog_002074.jpg,6
dog/pixabay_dog_002075.jpg,6
dog/pixabay_dog_002076.jpg,0
dog/pixabay_dog_002077.jpg,6
dog/pixabay_dog_002078.jpg,0
dog/pixabay_dog_002079.jpg,0
dog/pixabay_dog_002080.jpg,0
dog/pixabay_dog_002081.jpg,6
dog/pixabay_dog_002082.jpg,0
dog/pixabay_dog_002083.jpg,0
dog/pixabay_dog_002084.jpg,0
dog/pixabay_dog_002085.jpg,0
dog/pixabay_dog_002086.jpg,0
dog/pixabay_dog_002087.jpg,0
dog/pixabay_dog_002088.jpg,0
dog/pixabay_dog_002089.jpg,0
dog/pixabay_dog_002090.jpg,0
dog/pixabay_dog_002091.jpg,0
dog/pixabay_dog_002092.jpg,0
dog/pixabay_dog_002093.jpg,0
dog/pixabay_dog_002094.jpg,0
dog/pixabay_dog_002095.jpg,0
dog/pixabay_dog_002096.jpg,0
dog/pixabay_dog_002097.jpg,0
dog/pixabay_dog_002098.jpg,0
dog/pixabay_dog_002099.jpg,6
dog/pixabay_dog_002100.jpg,0
dog/pixabay_dog_002101.jpg,0
dog/pixabay_dog_002102.jpg,0
dog/pixabay_dog_002103.jpg,0
dog/pixabay_dog_002104.jpg,0
dog/pixabay_dog_002105.jpg,0
dog/pixabay_dog_002106.jpg,0
dog/pixabay_dog_002107.jpg,0
dog/pixabay_dog_002108.jpg,0
dog/pixabay_dog_002109.jpg,0
dog/pixabay_dog_002110.jpg,0
dog/pixabay_dog_002111.jpg,0
dog/pixabay_dog_002112.jpg,0
dog/pixabay_dog_002114.jpg,0
dog/pixabay_dog_002115.jpg,0
dog/pixabay_dog_002116.jpg,0
dog/pixabay_dog_002117.jpg,0
dog/pixabay_dog_002118.jpg,0
dog/pixabay_dog_002120.jpg,6
dog/pixabay_dog_002121.jpg,0
dog/pixabay_dog_002123.jpg,0
dog/pixabay_dog_002124.jpg,0
dog/pixabay_dog_002125.jpg,0
dog/pixabay_dog_002127.jpg,0
dog/pixabay_dog_002128.jpg,0
dog/pixabay_dog_002129.jpg,0
dog/pixabay_dog_002130.jpg,0
dog/pixabay_dog_002131.jpg,0
dog/pixabay_dog_002132.jpg,0
dog/pixabay_dog_002133.jpg,0
dog/pixabay_dog_002134.jpg,0
dog/pixabay_dog_002135.jpg,0
dog/pixabay_dog_002136.jpg,0
dog/pixabay_dog_002137.jpg,0
dog/pixabay_dog_002138.jpg,0
dog/pixabay_dog_002139.jpg,0
dog/pixabay_dog_002140.jpg,6
dog/pixabay_dog_002141.jpg,0
dog/pixabay_dog_002142.jpg,0
dog/pixabay_dog_002143.jpg,0
dog/pixabay_dog_002145.jpg,0
dog/pixabay_dog_002146.jpg,0
dog/pixabay_dog_002147.jpg,0
dog/pixabay_dog_002149.jpg,0
dog/pixabay_dog_002150.jpg,0
dog/pixabay_dog_002153.jpg,0
dog/pixabay_dog_002154.jpg,0
dog/pixabay_dog_002155.jpg,0
dog/pixabay_dog_002156.jpg,6
dog/pixabay_dog_002159.jpg,0
dog/pixabay_dog_002160.jpg,0
dog/pixabay_dog_002161.jpg,0
dog/pixabay_dog_002162.jpg,6
dog/pixabay_dog_002163.jpg,0
dog/pixabay_dog_002164.jpg,0
dog/pixabay_dog_002165.jpg,0
dog/pixabay_dog_002166.jpg,0
dog/pixabay_dog_002167.jpg,0
dog/pixabay_dog_002168.jpg,6
dog/pixabay_dog_002169.jpg,0
dog/pixabay_dog_002170.jpg,0
dog/pixabay_dog_002171.jpg,6
dog/pixabay_dog_002172.jpg,0
dog/pixabay_dog_002173.jpg,0
dog/pixabay_dog_002174.jpg,0
dog/pixabay_dog_002175.jpg,0
dog/pixabay_dog_002177.jpg,0
dog/pixabay_dog_002178.jpg,0
dog/pixabay_dog_002179.jpg,0
dog/pixabay_dog_002180.jpg,0
dog/pixabay_dog_002181.jpg,6
dog/pixabay_dog_002182.jpg,0
dog/pixabay_dog_002183.jpg,0
dog/pixabay_dog_002184.jpg,6
dog/pixabay_dog_002185.jpg,0
dog/pixabay_dog_002186.jpg,6
dog/pixabay_dog_002187.jpg,0
dog/pixabay_dog_002188.jpg,0
dog/pixabay_dog_002189.jpg,0
dog/pixabay_dog_002190.jpg,0
dog/pixabay_dog_002191.jpg,0
dog/pixabay_dog_002192.jpg,0
dog/pixabay_dog_002193.jpg,6
dog/pixabay_dog_002194.jpg,0
dog/pixabay_dog_002195.jpg,0
dog/pixabay_dog_002197.jpg,6
dog/pixabay_dog_002198.jpg,0
dog/pixabay_dog_002200.jpg,0
dog/pixabay_dog_002201.jpg,0
dog/pixabay_dog_002202.jpg,0
dog/pixabay_dog_002203.jpg,0
dog/pixabay_dog_002204.jpg,0
dog/pixabay_dog_002205.jpg,0
dog/pixabay_dog_002206.jpg,0
dog/pixabay_dog_002207.jpg,0
dog/pixabay_dog_002208.jpg,6
dog/pixabay_dog_002209.jpg,0
dog/pixabay_dog_002210.jpg,0
dog/pixabay_dog_002211.jpg,0
dog/pixabay_dog_002212.jpg,6
dog/pixabay_dog_002213.jpg,0
dog/pixabay_dog_002214.jpg,0
dog/pixabay_dog_002215.jpg,0
dog/pixabay_dog_002216.jpg,0
dog/pixabay_dog_002217.jpg,6
dog/pixabay_dog_002218.jpg,0
dog/pixabay_dog_002219.jpg,0
dog/pixabay_dog_002220.jpg,6
dog/pixabay_dog_002221.jpg,0
dog/pixabay_dog_002222.jpg,0
dog/pixabay_dog_002224.jpg,0
dog/pixabay_dog_002225.jpg,0
dog/pixabay_dog_002226.jpg,6
dog/pixabay_dog_002227.jpg,6
dog/pixabay_dog_002228.jpg,0
dog/pixabay_dog_002229.jpg,0
dog/pixabay_dog_002230.jpg,0
dog/pixabay_dog_002231.jpg,0
dog/pixabay_dog_002232.jpg,0
dog/pixabay_dog_002233.jpg,0
dog/pixabay_dog_002235.jpg,6
dog/pixabay_dog_002236.jpg,6
dog/pixabay_dog_002237.jpg,0
dog/pixabay_dog_002240.jpg,0
dog/pixabay_dog_002241.jpg,0
dog/pixabay_dog_002242.jpg,0
dog/pixabay_dog_002243.jpg,0
dog/pixabay_dog_002244.jpg,0
dog/pixabay_dog_002246.jpg,0
dog/pixabay_dog_002247.jpg,0
dog/pixabay_dog_002248.jpg,6
dog/pixabay_dog_002249.jpg,0
dog/pixabay_dog_002250.jpg,0
dog/pixabay_dog_002251.jpg,0
dog/pixabay_dog_002252.jpg,6
dog/pixabay_dog_002253.jpg,0
dog/pixabay_dog_002254.jpg,0
dog/pixabay_dog_002255.jpg,0
dog/pixabay_dog_002256.jpg,0
dog/pixabay_dog_002257.jpg,0
dog/pixabay_dog_002258.jpg,0
dog/pixabay_dog_002259.jpg,0
dog/pixabay_dog_002260.jpg,0
dog/pixabay_dog_002261.jpg,0
dog/pixabay_dog_002262.jpg,6
dog/pixabay_dog_002263.jpg,0
dog/pixabay_dog_002264.jpg,0
dog/pixabay_dog_002265.jpg,0
dog/pixabay_dog_002266.jpg,0
dog/pixabay_dog_002267.jpg,0
dog/pixabay_dog_002268.jpg,0
dog/pixabay_dog_002269.jpg,0
dog/pixabay_dog_002270.jpg,0
dog/pixabay_dog_002271.jpg,0
dog/pixabay_dog_002272.jpg,6
dog/pixabay_dog_002273.jpg,0
dog/pixabay_dog_002274.jpg,6
dog/pixabay_dog_002275.jpg,0
dog/pixabay_dog_002276.jpg,0
dog/pixabay_dog_002277.jpg,0
dog/pixabay_dog_002278.jpg,0
dog/pixabay_dog_002280.jpg,0
dog/pixabay_dog_002281.jpg,0
dog/pixabay_dog_002282.jpg,0
dog/pixabay_dog_002283.jpg,0
dog/pixabay_dog_002284.jpg,0
dog/pixabay_dog_002285.jpg,0
dog/pixabay_dog_002286.jpg,0
dog/pixabay_dog_002287.jpg,0
dog/pixabay_dog_002288.jpg,6
dog/pixabay_dog_002289.jpg,6
dog/pixabay_dog_002290.jpg,0
dog/pixabay_dog_002291.jpg,0
dog/pixabay_dog_002292.jpg,0
dog/pixabay_dog_002293.jpg,6
dog/pixabay_dog_002294.jpg,6
dog/pixabay_dog_002295.jpg,6
dog/pixabay_dog_002296.jpg,0
dog/pixabay_dog_002298.jpg,0
dog/pixabay_dog_002299.jpg,0
dog/pixabay_dog_002300.jpg,0
dog/pixabay_dog_002301.jpg,0
dog/pixabay_dog_002302.jpg,0
dog/pixabay_dog_002303.jpg,0
dog/pixabay_dog_002305.jpg,0
dog/pixabay_dog_002306.jpg,0
dog/pixabay_dog_002308.jpg,6
dog/pixabay_dog_002309.jpg,0
dog/pixabay_dog_002310.jpg,0
dog/pixabay_dog_002311.jpg,6
dog/pixabay_dog_002312.jpg,6
dog/pixabay_dog_002314.jpg,0
dog/pixabay_dog_002315.jpg,0
dog/pixabay_dog_002316.jpg,0
dog/pixabay_dog_002318.jpg,0
dog/pixabay_dog_002319.jpg,6
dog/pixabay_dog_002320.jpg,0
dog/pixabay_dog_002321.jpg,0
dog/pixabay_dog_002322.jpg,0
dog/pixabay_dog_002324.jpg,6
dog/pixabay_dog_002325.jpg,0
dog/pixabay_dog_002326.jpg,0
dog/pixabay_dog_002327.jpg,0
dog/pixabay_dog_002328.jpg,0
dog/pixabay_dog_002330.jpg,0
dog/pixabay_dog_002331.jpg,6
dog/pixabay_dog_002332.jpg,0
dog/pixabay_dog_002333.jpg,0
dog/pixabay_dog_002334.jpg,0
dog/pixabay_dog_002335.jpg,0
dog/pixabay_dog_002336.jpg,0
dog/pixabay_dog_002337.jpg,6
dog/pixabay_dog_002338.jpg,0
dog/pixabay_dog_002339.jpg,0
dog/pixabay_dog_002340.jpg,0
dog/pixabay_dog_002341.jpg,0
dog/pixabay_dog_002342.jpg,0
dog/pixabay_dog_002343.jpg,0
dog/pixabay_dog_002344.jpg,6
dog/pixabay_dog_002345.jpg,0
dog/pixabay_dog_002346.jpg,0
dog/pixabay_dog_002347.jpg,0
dog/pixabay_dog_002348.jpg,0
dog/pixabay_dog_002349.jpg,0
dog/pixabay_dog_002350.jpg,0
dog/pixabay_dog_002351.jpg,0
dog/pixabay_dog_002352.jpg,0
dog/pixabay_dog_002353.jpg,0
dog/pixabay_dog_002354.jpg,0
dog/pixabay_dog_002355.jpg,0
dog/pixabay_dog_002356.jpg,0
dog/pixabay_dog_002357.jpg,0
dog/pixabay_dog_002358.jpg,0
dog/pixabay_dog_002359.jpg,0
dog/pixabay_dog_002360.jpg,0
dog/pixabay_dog_002361.jpg,0
dog/pixabay_dog_002362.jpg,0
dog/pixabay_dog_002364.jpg,0
dog/pixabay_dog_002365.jpg,0
dog/pixabay_dog_002367.jpg,0
dog/pixabay_dog_002368.jpg,0
dog/pixabay_dog_002369.jpg,6
dog/pixabay_dog_002370.jpg,0
dog/pixabay_dog_002371.jpg,0
dog/pixabay_dog_002372.jpg,0
dog/pixabay_dog_002373.jpg,0
dog/pixabay_dog_002374.jpg,0
dog/pixabay_dog_002375.jpg,0
dog/pixabay_dog_002376.jpg,0
dog/pixabay_dog_002377.jpg,0
dog/pixabay_dog_002378.jpg,0
dog/pixabay_dog_002379.jpg,0
dog/pixabay_dog_002380.jpg,0
dog/pixabay_dog_002381.jpg,0
dog/pixabay_dog_002382.jpg,0
dog/pixabay_dog_002384.jpg,0
dog/pixabay_dog_002385.jpg,0
dog/pixabay_dog_002386.jpg,0
dog/pixabay_dog_002387.jpg,0
dog/pixabay_dog_002388.jpg,0
dog/pixabay_dog_002389.jpg,0
dog/pixabay_dog_002391.jpg,6
dog/pixabay_dog_002392.jpg,0
dog/pixabay_dog_002393.jpg,0
dog/pixabay_dog_002394.jpg,0
dog/pixabay_dog_002395.jpg,0
dog/pixabay_dog_002396.jpg,0
dog/pixabay_dog_002397.jpg,0
dog/pixabay_dog_002398.jpg,0
dog/pixabay_dog_002399.jpg,0
dog/pixabay_dog_002400.jpg,0
dog/pixabay_dog_002401.jpg,0
dog/pixabay_dog_002403.jpg,0
dog/pixabay_dog_002404.jpg,0
dog/pixabay_dog_002405.jpg,0
dog/pixabay_dog_002406.jpg,0
dog/pixabay_dog_002407.jpg,6
dog/pixabay_dog_002408.jpg,6
dog/pixabay_dog_002409.jpg,6
dog/pixabay_dog_002410.jpg,0
dog/pixabay_dog_002411.jpg,0
dog/pixabay_dog_002412.jpg,0
dog/pixabay_dog_002413.jpg,0
dog/pixabay_dog_002414.jpg,0
dog/pixabay_dog_002415.jpg,0
dog/pixabay_dog_002416.jpg,6
dog/pixabay_dog_002417.jpg,0
dog/pixabay_dog_002419.jpg,0
dog/pixabay_dog_002420.jpg,6
dog/pixabay_dog_002421.jpg,0
dog/pixabay_dog_002422.jpg,6
dog/pixabay_dog_002424.jpg,6
dog/pixabay_dog_002425.jpg,0
dog/pixabay_dog_002426.jpg,0
dog/pixabay_dog_002427.jpg,0
dog/pixabay_dog_002428.jpg,0
dog/pixabay_dog_002429.jpg,0
dog/pixabay_dog_002430.jpg,0
dog/pixabay_dog_002431.jpg,0
dog/pixabay_dog_002432.jpg,0
dog/pixabay_dog_002433.jpg,0
dog/pixabay_dog_002434.jpg,0
dog/pixabay_dog_002435.jpg,0
dog/pixabay_dog_002436.jpg,0
dog/pixabay_dog_002437.jpg,0
dog/pixabay_dog_002438.jpg,0
dog/pixabay_dog_002439.jpg,6
dog/pixabay_dog_002440.jpg,0
dog/pixabay_dog_002442.jpg,0
dog/pixabay_dog_002443.jpg,6
dog/pixabay_dog_002444.jpg,0
dog/pixabay_dog_002445.jpg,6
dog/pixabay_dog_002446.jpg,0
dog/pixabay_dog_002448.jpg,0
dog/pixabay_dog_002449.jpg,6
dog/pixabay_dog_002450.jpg,0
dog/pixabay_dog_002451.jpg,0
dog/pixabay_dog_002452.jpg,0
dog/pixabay_dog_002454.jpg,0
dog/pixabay_dog_002455.jpg,0
dog/pixabay_dog_002456.jpg,6
dog/pixabay_dog_002457.jpg,6
dog/pixabay_dog_002458.jpg,6
dog/pixabay_dog_002459.jpg,0
dog/pixabay_dog_002460.jpg,0
dog/pixabay_dog_002461.jpg,6
dog/pixabay_dog_002462.jpg,0
dog/pixabay_dog_002463.jpg,0
dog/pixabay_dog_002464.jpg,0
dog/pixabay_dog_002465.jpg,0
dog/pixabay_dog_002466.jpg,0
dog/pixabay_dog_002467.jpg,0
dog/pixabay_dog_002468.jpg,0
dog/pixabay_dog_002469.jpg,0
dog/pixabay_dog_002470.jpg,0
dog/pixabay_dog_002471.jpg,0
dog/pixabay_dog_002472.jpg,0
dog/pixabay_dog_002473.jpg,0
dog/pixabay_dog_002474.jpg,0
dog/pixabay_dog_002475.jpg,6
dog/pixabay_dog_002476.jpg,0
dog/pixabay_dog_002477.jpg,0
dog/pixabay_dog_002478.jpg,0
dog/pixabay_dog_002479.jpg,0
dog/pixabay_dog_002480.jpg,0
dog/pixabay_dog_002481.jpg,0
dog/pixabay_dog_002482.jpg,0
dog/pixabay_dog_002483.jpg,0
dog/pixabay_dog_002484.jpg,0
dog/pixabay_dog_002485.jpg,0
dog/pixabay_dog_002486.jpg,0
dog/pixabay_dog_002487.jpg,0
dog/pixabay_dog_002488.jpg,6
dog/pixabay_dog_002489.jpg,0
dog/pixabay_dog_002490.jpg,6
dog/pixabay_dog_002491.jpg,0
dog/pixabay_dog_002493.jpg,0
dog/pixabay_dog_002494.jpg,0
dog/pixabay_dog_002495.jpg,0
dog/pixabay_dog_002496.jpg,0
dog/pixabay_dog_002497.jpg,6
dog/pixabay_dog_002498.jpg,0
dog/pixabay_dog_002499.jpg,0
dog/pixabay_dog_002500.jpg,0
dog/pixabay_dog_002501.jpg,0
dog/pixabay_dog_002502.jpg,0
dog/pixabay_dog_002503.jpg,0
dog/pixabay_dog_002504.jpg,0
dog/pixabay_dog_002505.jpg,0
dog/pixabay_dog_002506.jpg,6
dog/pixabay_dog_002507.jpg,0
dog/pixabay_dog_002508.jpg,0
dog/pixabay_dog_002509.jpg,0
dog/pixabay_dog_002510.jpg,0
dog/pixabay_dog_002511.jpg,0
dog/pixabay_dog_002512.jpg,0
dog/pixabay_dog_002513.jpg,0
dog/pixabay_dog_002514.jpg,0
dog/pixabay_dog_002516.jpg,6
dog/pixabay_dog_002517.jpg,0
dog/pixabay_dog_002518.jpg,6
dog/pixabay_dog_002519.jpg,0
dog/pixabay_dog_002521.jpg,0
dog/pixabay_dog_002522.jpg,0
dog/pixabay_dog_002523.jpg,0
dog/pixabay_dog_002524.jpg,0
dog/pixabay_dog_002525.jpg,0
dog/pixabay_dog_002527.jpg,0
dog/pixabay_dog_002528.jpg,0
dog/pixabay_dog_002529.jpg,0
dog/pixabay_dog_002530.jpg,0
dog/pixabay_dog_002531.jpg,0
dog/pixabay_dog_002532.jpg,6
dog/pixabay_dog_002533.jpg,0
dog/pixabay_dog_002534.jpg,0
dog/pixabay_dog_002535.jpg,6
dog/pixabay_dog_002536.jpg,0
dog/pixabay_dog_002537.jpg,0
dog/pixabay_dog_002538.jpg,0
dog/pixabay_dog_002539.jpg,0
dog/pixabay_dog_002540.jpg,0
dog/pixabay_dog_002541.jpg,6
dog/pixabay_dog_002542.jpg,0
dog/pixabay_dog_002543.jpg,0
dog/pixabay_dog_002545.jpg,0
dog/pixabay_dog_002546.jpg,0
dog/pixabay_dog_002547.jpg,0
dog/pixabay_dog_002549.jpg,0
dog/pixabay_dog_002550.jpg,0
dog/pixabay_dog_002551.jpg,6
dog/pixabay_dog_002552.jpg,0
dog/pixabay_dog_002553.jpg,0
dog/pixabay_dog_002554.jpg,0
dog/pixabay_dog_002555.jpg,0
dog/pixabay_dog_002557.jpg,0
dog/pixabay_dog_002558.jpg,0
dog/pixabay_dog_002559.jpg,0
dog/pixabay_dog_002560.jpg,0
dog/pixabay_dog_002561.jpg,0
dog/pixabay_dog_002562.jpg,0
dog/pixabay_dog_002563.jpg,0
dog/pixabay_dog_002564.jpg,0
dog/pixabay_dog_002565.jpg,0
dog/pixabay_dog_002568.jpg,0
dog/pixabay_dog_002569.jpg,0
dog/pixabay_dog_002570.jpg,0
dog/pixabay_dog_002571.jpg,0
dog/pixabay_dog_002572.jpg,0
dog/pixabay_dog_002573.jpg,0
dog/pixabay_dog_002574.jpg,0
dog/pixabay_dog_002575.jpg,0
dog/pixabay_dog_002576.jpg,0
dog/pixabay_dog_002577.jpg,6
dog/pixabay_dog_002578.jpg,0
dog/pixabay_dog_002579.jpg,6
dog/pixabay_dog_002580.jpg,0
dog/pixabay_dog_002581.jpg,0
dog/pixabay_dog_002582.jpg,0
dog/pixabay_dog_002583.jpg,0
dog/pixabay_dog_002584.jpg,0
dog/pixabay_dog_002585.jpg,0
dog/pixabay_dog_002587.jpg,0
dog/pixabay_dog_002588.jpg,0
dog/pixabay_dog_002589.jpg,0
dog/pixabay_dog_002590.jpg,0
dog/pixabay_dog_002591.jpg,0
dog/pixabay_dog_002592.jpg,0
dog/pixabay_dog_002593.jpg,0
dog/pixabay_dog_002594.jpg,0
dog/pixabay_dog_002595.jpg,0
dog/pixabay_dog_002596.jpg,0
dog/pixabay_dog_002598.jpg,0
dog/pixabay_dog_002599.jpg,6
dog/pixabay_dog_002600.jpg,0
dog/pixabay_dog_002601.jpg,0
dog/pixabay_dog_002602.jpg,0
dog/pixabay_dog_002603.jpg,0
dog/pixabay_dog_002604.jpg,0
dog/pixabay_dog_002605.jpg,0
dog/pixabay_dog_002606.jpg,0
dog/pixabay_dog_002607.jpg,0
dog/pixabay_dog_002608.jpg,0
dog/pixabay_dog_002609.jpg,0
dog/pixabay_dog_002611.jpg,0
dog/pixabay_dog_002612.jpg,0
dog/pixabay_dog_002613.jpg,0
dog/pixabay_dog_002614.jpg,0
dog/pixabay_dog_002615.jpg,0
dog/pixabay_dog_002617.jpg,0
dog/pixabay_dog_002618.jpg,6
dog/pixabay_dog_002619.jpg,0
dog/pixabay_dog_002620.jpg,0
dog/pixabay_dog_002621.jpg,0
dog/pixabay_dog_002622.jpg,0
dog/pixabay_dog_002623.jpg,6
dog/pixabay_dog_002624.jpg,0
dog/pixabay_dog_002626.jpg,6
dog/pixabay_dog_002627.jpg,0
dog/pixabay_dog_002628.jpg,0
dog/pixabay_dog_002629.jpg,0
dog/pixabay_dog_002630.jpg,6
dog/pixabay_dog_002631.jpg,0
dog/pixabay_dog_002632.jpg,0
dog/pixabay_dog_002633.jpg,0
dog/pixabay_dog_002634.jpg,0
dog/pixabay_dog_002635.jpg,0
dog/pixabay_dog_002636.jpg,0
dog/pixabay_dog_002637.jpg,0
dog/pixabay_dog_002638.jpg,0
dog/pixabay_dog_002639.jpg,6
dog/pixabay_dog_002640.jpg,0
dog/pixabay_dog_002641.jpg,0
dog/pixabay_dog_002642.jpg,0
dog/pixabay_dog_002643.jpg,0
dog/pixabay_dog_002644.jpg,0
dog/pixabay_dog_002645.jpg,0
dog/pixabay_dog_002646.jpg,0
dog/pixabay_dog_002648.jpg,0
dog/pixabay_dog_002649.jpg,0
dog/pixabay_dog_002650.jpg,0
dog/pixabay_dog_002651.jpg,0
dog/pixabay_dog_002653.jpg,0
dog/pixabay_dog_002654.jpg,0
dog/pixabay_dog_002655.jpg,0
dog/pixabay_dog_002656.jpg,0
dog/pixabay_dog_002657.jpg,0
dog/pixabay_dog_002658.jpg,0
dog/pixabay_dog_002659.jpg,0
dog/pixabay_dog_002660.jpg,0
dog/pixabay_dog_002661.jpg,0
dog/pixabay_dog_002662.jpg,0
dog/pixabay_dog_002663.jpg,0
dog/pixabay_dog_002664.jpg,0
dog/pixabay_dog_002665.jpg,0
dog/pixabay_dog_002666.jpg,0
dog/pixabay_dog_002667.jpg,0
dog/pixabay_dog_002668.jpg,0
dog/pixabay_dog_002669.jpg,6
dog/pixabay_dog_002671.jpg,0
dog/pixabay_dog_002672.jpg,0
dog/pixabay_dog_002673.jpg,0
dog/pixabay_dog_002674.jpg,0
dog/pixabay_dog_002675.jpg,0
dog/pixabay_dog_002676.jpg,6
dog/pixabay_dog_002677.jpg,6
dog/pixabay_dog_002678.jpg,0
dog/pixabay_dog_002679.jpg,0
dog/pixabay_dog_002681.jpg,0
dog/pixabay_dog_002682.jpg,6
dog/pixabay_dog_002683.jpg,0
dog/pixabay_dog_002684.jpg,0
dog/pixabay_dog_002685.jpg,0
dog/pixabay_dog_002686.jpg,0
dog/pixabay_dog_002687.jpg,0
dog/pixabay_dog_002688.jpg,6
dog/pixabay_dog_002689.jpg,6
dog/pixabay_dog_002690.jpg,6
dog/pixabay_dog_002691.jpg,6
dog/pixabay_dog_002692.jpg,0
dog/pixabay_dog_002693.jpg,0
dog/pixabay_dog_002694.jpg,0
dog/pixabay_dog_002695.jpg,0
dog/pixabay_dog_002696.jpg,0
dog/pixabay_dog_002697.jpg,1
dog/pixabay_dog_002698.jpg,6
dog/pixabay_dog_002701.jpg,0
dog/pixabay_dog_002702.jpg,0
dog/pixabay_dog_002703.jpg,0
dog/pixabay_dog_002704.jpg,0
dog/pixabay_dog_002705.jpg,0
dog/pixabay_dog_002706.jpg,0
dog/pixabay_dog_002707.jpg,0
dog/pixabay_dog_002708.jpg,0
dog/pixabay_dog_002709.jpg,0
dog/pixabay_dog_002710.jpg,0
dog/pixabay_dog_002711.jpg,0
dog/pixabay_dog_002712.jpg,0
dog/pixabay_dog_002713.jpg,0
dog/pixabay_dog_002714.jpg,0
dog/pixabay_dog_002715.jpg,0
dog/pixabay_dog_002716.jpg,0
dog/pixabay_dog_002717.jpg,0
dog/pixabay_dog_002718.jpg,0
dog/pixabay_dog_002719.jpg,6
dog/pixabay_dog_002720.jpg,0
dog/pixabay_dog_002721.jpg,0
dog/pixabay_dog_002722.jpg,0
dog/pixabay_dog_002723.jpg,0
dog/pixabay_dog_002724.jpg,0
dog/pixabay_dog_002725.jpg,0
dog/pixabay_dog_002726.jpg,0
dog/pixabay_dog_002727.jpg,0
dog/pixabay_dog_002728.jpg,0
dog/pixabay_dog_002729.jpg,0
dog/pixabay_dog_002730.jpg,0
dog/pixabay_dog_002731.jpg,0
dog/pixabay_dog_002732.jpg,0
dog/pixabay_dog_002733.jpg,0
dog/pixabay_dog_002734.jpg,6
dog/pixabay_dog_002735.jpg,0
dog/pixabay_dog_002736.jpg,0
dog/pixabay_dog_002737.jpg,0
dog/pixabay_dog_002738.jpg,0
dog/pixabay_dog_002740.jpg,0
dog/pixabay_dog_002741.jpg,0
dog/pixabay_dog_002742.jpg,6
dog/pixabay_dog_002744.jpg,0
dog/pixabay_dog_002745.jpg,0
dog/pixabay_dog_002746.jpg,0
dog/pixabay_dog_002747.jpg,6
dog/pixabay_dog_002748.jpg,0
dog/pixabay_dog_002749.jpg,6
dog/pixabay_dog_002750.jpg,0
dog/pixabay_dog_002751.jpg,0
dog/pixabay_dog_002752.jpg,0
dog/pixabay_dog_002753.jpg,0
dog/pixabay_dog_002754.jpg,0
dog/pixabay_dog_002755.jpg,0
dog/pixabay_dog_002757.jpg,0
dog/pixabay_dog_002758.jpg,6
dog/pixabay_dog_002759.jpg,0
dog/pixabay_dog_002760.jpg,0
dog/pixabay_dog_002761.jpg,0
dog/pixabay_dog_002762.jpg,6
dog/pixabay_dog_002763.jpg,0
dog/pixabay_dog_002764.jpg,6
dog/pixabay_dog_002765.jpg,0
dog/pixabay_dog_002767.jpg,0
dog/pixabay_dog_002768.jpg,0
dog/pixabay_dog_002769.jpg,0
dog/pixabay_dog_002770.jpg,0
dog/pixabay_dog_002771.jpg,0
dog/pixabay_dog_002772.jpg,0
dog/pixabay_dog_002773.jpg,0
dog/pixabay_dog_002775.jpg,0
dog/pixabay_dog_002776.jpg,0
dog/pixabay_dog_002777.jpg,0
dog/pixabay_dog_002778.jpg,0
dog/pixabay_dog_002779.jpg,0
dog/pixabay_dog_002780.jpg,0
dog/pixabay_dog_002781.jpg,0
dog/pixabay_dog_002783.jpg,0
dog/pixabay_dog_002784.jpg,0
dog/pixabay_dog_002787.jpg,0
dog/pixabay_dog_002788.jpg,0
dog/pixabay_dog_002789.jpg,0
dog/pixabay_dog_002790.jpg,0
dog/pixabay_dog_002791.jpg,6
dog/pixabay_dog_002793.jpg,0
dog/pixabay_dog_002794.jpg,0
dog/pixabay_dog_002795.jpg,0
dog/pixabay_dog_002796.jpg,0
dog/pixabay_dog_002797.jpg,0
dog/pixabay_dog_002798.jpg,0
dog/pixabay_dog_002800.jpg,0
dog/pixabay_dog_002802.jpg,0
dog/pixabay_dog_002803.jpg,0
dog/pixabay_dog_002804.jpg,0
dog/pixabay_dog_002805.jpg,0
dog/pixabay_dog_002806.jpg,0
dog/pixabay_dog_002807.jpg,0
dog/pixabay_dog_002808.jpg,0
dog/pixabay_dog_002809.jpg,0
dog/pixabay_dog_002810.jpg,0
dog/pixabay_dog_002811.jpg,0
dog/pixabay_dog_002812.jpg,0
dog/pixabay_dog_002813.jpg,0
dog/pixabay_dog_002814.jpg,0
dog/pixabay_dog_002815.jpg,0
dog/pixabay_dog_002816.jpg,0
dog/pixabay_dog_002817.jpg,0
dog/pixabay_dog_002818.jpg,0
dog/pixabay_dog_002819.jpg,0
dog/pixabay_dog_002820.jpg,6
dog/pixabay_dog_002821.jpg,0
dog/pixabay_dog_002822.jpg,6
dog/pixabay_dog_002823.jpg,6
dog/pixabay_dog_002824.jpg,0
dog/pixabay_dog_002825.jpg,0
dog/pixabay_dog_002826.jpg,0
dog/pixabay_dog_002827.jpg,0
dog/pixabay_dog_002828.jpg,0
dog/pixabay_dog_002830.jpg,0
dog/pixabay_dog_002831.jpg,0
dog/pixabay_dog_002832.jpg,0
dog/pixabay_dog_002833.jpg,0
dog/pixabay_dog_002834.jpg,0
dog/pixabay_dog_002835.jpg,6
dog/pixabay_dog_002836.jpg,0
dog/pixabay_dog_002837.jpg,0
dog/pixabay_dog_002838.jpg,0
dog/pixabay_dog_002840.jpg,6
dog/pixabay_dog_002842.jpg,0
dog/pixabay_dog_002843.jpg,0
dog/pixabay_dog_002844.jpg,0
dog/pixabay_dog_002845.jpg,0
dog/pixabay_dog_002846.jpg,6
dog/pixabay_dog_002847.jpg,0
dog/pixabay_dog_002848.jpg,6
dog/pixabay_dog_002849.jpg,0
dog/pixabay_dog_002850.jpg,0
dog/pixabay_dog_002851.jpg,0
dog/pixabay_dog_002852.jpg,0
dog/pixabay_dog_002853.jpg,0
dog/pixabay_dog_002855.jpg,6
dog/pixabay_dog_002856.jpg,0
dog/pixabay_dog_002858.jpg,6
dog/pixabay_dog_002859.jpg,0
dog/pixabay_dog_002860.jpg,0
dog/pixabay_dog_002861.jpg,0
dog/pixabay_dog_002863.jpg,0
dog/pixabay_dog_002864.jpg,0
dog/pixabay_dog_002865.jpg,0
dog/pixabay_dog_002866.jpg,6
dog/pixabay_dog_002867.jpg,0
dog/pixabay_dog_002868.jpg,0
dog/pixabay_dog_002869.jpg,0
dog/pixabay_dog_002870.jpg,0
dog/pixabay_dog_002871.jpg,0
dog/pixabay_dog_002872.jpg,0
dog/pixabay_dog_002873.jpg,0
dog/pixabay_dog_002874.jpg,0
dog/pixabay_dog_002875.jpg,0
dog/pixabay_dog_002876.jpg,0
dog/pixabay_dog_002878.jpg,0
dog/pixabay_dog_002879.jpg,0
dog/pixabay_dog_002880.jpg,6
dog/pixabay_dog_002881.jpg,0
dog/pixabay_dog_002882.jpg,0
dog/pixabay_dog_002883.jpg,0
dog/pixabay_dog_002884.jpg,0
dog/pixabay_dog_002885.jpg,6
dog/pixabay_dog_002886.jpg,0
dog/pixabay_dog_002887.jpg,0
dog/pixabay_dog_002888.jpg,0
dog/pixabay_dog_002889.jpg,0
dog/pixabay_dog_002890.jpg,0
dog/pixabay_dog_002891.jpg,6
dog/pixabay_dog_002892.jpg,0
dog/pixabay_dog_002893.jpg,0
dog/pixabay_dog_002894.jpg,0
dog/pixabay_dog_002896.jpg,0
dog/pixabay_dog_002898.jpg,6
dog/pixabay_dog_002899.jpg,0
dog/pixabay_dog_002901.jpg,0
dog/pixabay_dog_002902.jpg,0
dog/pixabay_dog_002903.jpg,0
dog/pixabay_dog_002904.jpg,0
dog/pixabay_dog_002905.jpg,6
dog/pixabay_dog_002906.jpg,0
dog/pixabay_dog_002907.jpg,6
dog/pixabay_dog_002908.jpg,0
dog/pixabay_dog_002910.jpg,0
dog/pixabay_dog_002911.jpg,0
dog/pixabay_dog_002912.jpg,0
dog/pixabay_dog_002913.jpg,6
dog/pixabay_dog_002914.jpg,0
dog/pixabay_dog_002915.jpg,6
dog/pixabay_dog_002916.jpg,0
dog/pixabay_dog_002917.jpg,0
dog/pixabay_dog_002918.jpg,0
dog/pixabay_dog_002919.jpg,0
dog/pixabay_dog_002920.jpg,0
dog/pixabay_dog_002921.jpg,0
dog/pixabay_dog_002922.jpg,0
dog/pixabay_dog_002923.jpg,0
dog/pixabay_dog_002924.jpg,0
dog/pixabay_dog_002925.jpg,0
dog/pixabay_dog_002926.jpg,0
dog/pixabay_dog_002927.jpg,0
dog/pixabay_dog_002928.jpg,0
dog/pixabay_dog_002929.jpg,6
dog/pixabay_dog_002931.jpg,0
dog/pixabay_dog_002932.jpg,0
dog/pixabay_dog_002933.jpg,6
dog/pixabay_dog_002934.jpg,0
dog/pixabay_dog_002935.jpg,0
dog/pixabay_dog_002936.jpg,0
dog/pixabay_dog_002937.jpg,0
dog/pixabay_dog_002938.jpg,0
dog/pixabay_dog_002939.jpg,0
dog/pixabay_dog_002940.jpg,0
dog/pixabay_dog_002941.jpg,6
dog/pixabay_dog_002942.jpg,0
dog/pixabay_dog_002943.jpg,0
dog/pixabay_dog_002944.jpg,0
dog/pixabay_dog_002945.jpg,6
dog/pixabay_dog_002946.jpg,0
dog/pixabay_dog_002947.jpg,0
dog/pixabay_dog_002948.jpg,0
dog/pixabay_dog_002950.jpg,0
dog/pixabay_dog_002951.jpg,0
dog/pixabay_dog_002952.jpg,0
dog/pixabay_dog_002953.jpg,0
dog/pixabay_dog_002954.jpg,0
dog/pixabay_dog_002955.jpg,0
dog/pixabay_dog_002958.jpg,0
dog/pixabay_dog_002959.jpg,0
dog/pixabay_dog_002960.jpg,0
dog/pixabay_dog_002961.jpg,0
dog/pixabay_dog_002962.jpg,0
dog/pixabay_dog_002963.jpg,0
dog/pixabay_dog_002964.jpg,0
dog/pixabay_dog_002965.jpg,0
dog/pixabay_dog_002966.jpg,0
dog/pixabay_dog_002967.jpg,0
dog/pixabay_dog_002968.jpg,0
dog/pixabay_dog_002969.jpg,0
dog/pixabay_dog_002970.jpg,0
dog/pixabay_dog_002971.jpg,0
dog/pixabay_dog_002972.jpg,0
dog/pixabay_dog_002973.jpg,0
dog/pixabay_dog_002974.jpg,0
dog/pixabay_dog_002975.jpg,0
dog/pixabay_dog_002976.jpg,0
dog/pixabay_dog_002977.jpg,0
dog/pixabay_dog_002978.jpg,0
dog/pixabay_dog_002980.jpg,0
dog/pixabay_dog_002981.jpg,0
dog/pixabay_dog_002982.jpg,0
dog/pixabay_dog_002983.jpg,0
dog/pixabay_dog_002984.jpg,6
dog/pixabay_dog_002985.jpg,0
dog/pixabay_dog_002986.jpg,6
dog/pixabay_dog_002987.jpg,0
dog/pixabay_dog_002988.jpg,0
dog/pixabay_dog_002989.jpg,0
dog/pixabay_dog_002990.jpg,0
dog/pixabay_dog_002991.jpg,0
dog/pixabay_dog_002992.jpg,0
dog/pixabay_dog_002993.jpg,0
dog/pixabay_dog_002994.jpg,0
dog/pixabay_dog_002995.jpg,0
dog/pixabay_dog_002996.jpg,0
dog/pixabay_dog_002997.jpg,0
dog/pixabay_dog_002998.jpg,0
dog/pixabay_dog_002999.jpg,0
dog/pixabay_dog_003000.jpg,6
dog/pixabay_dog_003001.jpg,0
dog/pixabay_dog_003002.jpg,6
dog/pixabay_dog_003003.jpg,0
dog/pixabay_dog_003004.jpg,0
dog/pixabay_dog_003005.jpg,6
dog/pixabay_dog_003006.jpg,0
dog/pixabay_dog_003007.jpg,0
dog/pixabay_dog_003010.jpg,0
dog/pixabay_dog_003011.jpg,0
dog/pixabay_dog_003012.jpg,0
dog/pixabay_dog_003013.jpg,0
dog/pixabay_dog_003014.jpg,0
dog/pixabay_dog_003015.jpg,0
dog/pixabay_dog_003016.jpg,0
dog/pixabay_dog_003017.jpg,0
dog/pixabay_dog_003018.jpg,6
dog/pixabay_dog_003019.jpg,0
dog/pixabay_dog_003020.jpg,0
dog/pixabay_dog_003021.jpg,0
dog/pixabay_dog_003022.jpg,0
dog/pixabay_dog_003023.jpg,0
dog/pixabay_dog_003024.jpg,0
dog/pixabay_dog_003025.jpg,0
dog/pixabay_dog_003026.jpg,0
dog/pixabay_dog_003027.jpg,0
dog/pixabay_dog_003028.jpg,0
dog/pixabay_dog_003029.jpg,0
dog/pixabay_dog_003030.jpg,0
dog/pixabay_dog_003031.jpg,0
dog/pixabay_dog_003032.jpg,6
dog/pixabay_dog_003033.jpg,0
dog/pixabay_dog_003034.jpg,0
dog/pixabay_dog_003035.jpg,6
dog/pixabay_dog_003036.jpg,6
dog/pixabay_dog_003037.jpg,6
dog/pixabay_dog_003038.jpg,0
dog/pixabay_dog_003039.jpg,0
dog/pixabay_dog_003040.jpg,0
dog/pixabay_dog_003041.jpg,0
dog/pixabay_dog_003042.jpg,0
dog/pixabay_dog_003043.jpg,0
dog/pixabay_dog_003044.jpg,0
dog/pixabay_dog_003045.jpg,0
dog/pixabay_dog_003046.jpg,0
dog/pixabay_dog_003047.jpg,0
dog/pixabay_dog_003048.jpg,6
dog/pixabay_dog_003049.jpg,0
dog/pixabay_dog_003050.jpg,0
dog/pixabay_dog_003051.jpg,0
dog/pixabay_dog_003052.jpg,0
dog/pixabay_dog_003053.jpg,0
dog/pixabay_dog_003054.jpg,6
dog/pixabay_dog_003055.jpg,0
dog/pixabay_dog_003056.jpg,0
dog/pixabay_dog_003057.jpg,0
dog/pixabay_dog_003058.jpg,6
dog/pixabay_dog_003059.jpg,0
dog/pixabay_dog_003060.jpg,6
dog/pixabay_dog_003061.jpg,0
dog/pixabay_dog_003062.jpg,0
dog/pixabay_dog_003063.jpg,0
dog/pixabay_dog_003064.jpg,0
dog/pixabay_dog_003065.jpg,6
dog/pixabay_dog_003066.jpg,0
dog/pixabay_dog_003067.jpg,0
dog/pixabay_dog_003070.jpg,0
dog/pixabay_dog_003071.jpg,0
dog/pixabay_dog_003072.jpg,0
dog/pixabay_dog_003073.jpg,0
dog/pixabay_dog_003074.jpg,0
dog/pixabay_dog_003075.jpg,0
dog/pixabay_dog_003076.jpg,0
dog/pixabay_dog_003077.jpg,0
dog/pixabay_dog_003078.jpg,6
dog/pixabay_dog_003079.jpg,0
dog/pixabay_dog_003080.jpg,0
dog/pixabay_dog_003081.jpg,0
dog/pixabay_dog_003082.jpg,0
dog/pixabay_dog_003083.jpg,0
dog/pixabay_dog_003084.jpg,0
dog/pixabay_dog_003085.jpg,0
dog/pixabay_dog_003086.jpg,6
dog/pixabay_dog_003087.jpg,6
dog/pixabay_dog_003088.jpg,0
dog/pixabay_dog_003089.jpg,0
dog/pixabay_dog_003090.jpg,0
dog/pixabay_dog_003091.jpg,0
dog/pixabay_dog_003093.jpg,0
dog/pixabay_dog_003094.jpg,0
dog/pixabay_dog_003096.jpg,6
dog/pixabay_dog_003097.jpg,0
dog/pixabay_dog_003098.jpg,0
dog/pixabay_dog_003099.jpg,0
dog/pixabay_dog_003100.jpg,0
dog/pixabay_dog_003101.jpg,0
dog/pixabay_dog_003102.jpg,0
dog/pixabay_dog_003103.jpg,0
dog/pixabay_dog_003104.jpg,0
dog/pixabay_dog_003106.jpg,0
dog/pixabay_dog_003107.jpg,0
dog/pixabay_dog_003108.jpg,0
dog/pixabay_dog_003109.jpg,0
dog/pixabay_dog_003110.jpg,0
dog/pixabay_dog_003111.jpg,0
dog/pixabay_dog_003112.jpg,0
dog/pixabay_dog_003113.jpg,0
dog/pixabay_dog_003114.jpg,0
dog/pixabay_dog_003115.jpg,0
dog/pixabay_dog_003116.jpg,6
dog/pixabay_dog_003117.jpg,0
dog/pixabay_dog_003118.jpg,0
dog/pixabay_dog_003119.jpg,0
dog/pixabay_dog_003120.jpg,0
dog/pixabay_dog_003121.jpg,0
dog/pixabay_dog_003124.jpg,0
dog/pixabay_dog_003125.jpg,0
dog/pixabay_dog_003126.jpg,6
dog/pixabay_dog_003127.jpg,0
dog/pixabay_dog_003128.jpg,0
dog/pixabay_dog_003129.jpg,0
dog/pixabay_dog_003130.jpg,0
dog/pixabay_dog_003131.jpg,0
dog/pixabay_dog_003132.jpg,0
dog/pixabay_dog_003133.jpg,0
dog/pixabay_dog_003134.jpg,0
dog/pixabay_dog_003135.jpg,0
dog/pixabay_dog_003137.jpg,0
dog/pixabay_dog_003138.jpg,0
dog/pixabay_dog_003139.jpg,0
dog/pixabay_dog_003140.jpg,0
dog/pixabay_dog_003141.jpg,0
dog/pixabay_dog_003142.jpg,0
dog/pixabay_dog_003143.jpg,0
dog/pixabay_dog_003144.jpg,0
dog/pixabay_dog_003145.jpg,0
dog/pixabay_dog_003146.jpg,0
dog/pixabay_dog_003147.jpg,0
dog/pixabay_dog_003148.jpg,0
dog/pixabay_dog_003150.jpg,0
dog/pixabay_dog_003151.jpg,0
dog/pixabay_dog_003152.jpg,0
dog/pixabay_dog_003153.jpg,0
dog/pixabay_dog_003154.jpg,0
dog/pixabay_dog_003155.jpg,0
dog/pixabay_dog_003156.jpg,0
dog/pixabay_dog_003157.jpg,0
dog/pixabay_dog_003158.jpg,0
dog/pixabay_dog_003159.jpg,0
dog/pixabay_dog_003160.jpg,0
dog/pixabay_dog_003161.jpg,6
dog/pixabay_dog_003162.jpg,0
dog/pixabay_dog_003163.jpg,0
dog/pixabay_dog_003164.jpg,6
dog/pixabay_dog_003166.jpg,6
dog/pixabay_dog_003167.jpg,0
dog/pixabay_dog_003168.jpg,0
dog/pixabay_dog_003169.jpg,0
dog/pixabay_dog_003170.jpg,0
dog/pixabay_dog_003171.jpg,0
dog/pixabay_dog_003172.jpg,0
dog/pixabay_dog_003173.jpg,0
dog/pixabay_dog_003174.jpg,0
dog/pixabay_dog_003175.jpg,0
dog/pixabay_dog_003176.jpg,0
dog/pixabay_dog_003177.jpg,6
dog/pixabay_dog_003178.jpg,0
dog/pixabay_dog_003179.jpg,0
dog/pixabay_dog_003180.jpg,0
dog/pixabay_dog_003181.jpg,0
dog/pixabay_dog_003182.jpg,0
dog/pixabay_dog_003183.jpg,0
dog/pixabay_dog_003184.jpg,0
dog/pixabay_dog_003186.jpg,0
dog/pixabay_dog_003187.jpg,0
dog/pixabay_dog_003188.jpg,6
dog/pixabay_dog_003189.jpg,0
dog/pixabay_dog_003191.jpg,0
dog/pixabay_dog_003193.jpg,0
dog/pixabay_dog_003194.jpg,0
dog/pixabay_dog_003195.jpg,0
dog/pixabay_dog_003196.jpg,0
dog/pixabay_dog_003198.jpg,0
dog/pixabay_dog_003199.jpg,0
dog/pixabay_dog_003200.jpg,0
dog/pixabay_dog_003201.jpg,0
dog/pixabay_dog_003202.jpg,0
dog/pixabay_dog_003203.jpg,6
dog/pixabay_dog_003204.jpg,0
dog/pixabay_dog_003205.jpg,0
dog/pixabay_dog_003206.jpg,0
dog/pixabay_dog_003207.jpg,6
dog/pixabay_dog_003208.jpg,0
dog/pixabay_dog_003209.jpg,0
dog/pixabay_dog_003210.jpg,0
dog/pixabay_dog_003211.jpg,0
dog/pixabay_dog_003212.jpg,0
dog/pixabay_dog_003213.jpg,0
dog/pixabay_dog_003214.jpg,0
dog/pixabay_dog_003215.jpg,0
dog/pixabay_dog_003216.jpg,0
dog/pixabay_dog_003217.jpg,0
dog/pixabay_dog_003218.jpg,6
dog/pixabay_dog_003219.jpg,0
dog/pixabay_dog_003220.jpg,0
dog/pixabay_dog_003221.jpg,0
dog/pixabay_dog_003222.jpg,0
dog/pixabay_dog_003224.jpg,0
dog/pixabay_dog_003225.jpg,0
dog/pixabay_dog_003226.jpg,6
dog/pixabay_dog_003227.jpg,0
dog/pixabay_dog_003228.jpg,6
dog/pixabay_dog_003229.jpg,0
dog/pixabay_dog_003231.jpg,0
dog/pixabay_dog_003232.jpg,6
dog/pixabay_dog_003233.jpg,0
dog/pixabay_dog_003234.jpg,0
dog/pixabay_dog_003235.jpg,0
dog/pixabay_dog_003236.jpg,0
dog/pixabay_dog_003237.jpg,0
dog/pixabay_dog_003238.jpg,0
dog/pixabay_dog_003239.jpg,0
dog/pixabay_dog_003240.jpg,0
dog/pixabay_dog_003241.jpg,0
dog/pixabay_dog_003242.jpg,0
dog/pixabay_dog_003243.jpg,0
dog/pixabay_dog_003244.jpg,0
dog/pixabay_dog_003245.jpg,0
dog/pixabay_dog_003246.jpg,0
dog/pixabay_dog_003247.jpg,6
dog/pixabay_dog_003248.jpg,6
dog/pixabay_dog_003249.jpg,0
dog/pixabay_dog_003252.jpg,6
dog/pixabay_dog_003253.jpg,0
dog/pixabay_dog_003254.jpg,0
dog/pixabay_dog_003255.jpg,6
dog/pixabay_dog_003256.jpg,0
dog/pixabay_dog_003257.jpg,0
dog/pixabay_dog_003258.jpg,6
dog/pixabay_dog_003259.jpg,0
dog/pixabay_dog_003260.jpg,0
dog/pixabay_dog_003262.jpg,0
dog/pixabay_dog_003263.jpg,0
dog/pixabay_dog_003264.jpg,0
dog/pixabay_dog_003266.jpg,0
dog/pixabay_dog_003267.jpg,6
dog/pixabay_dog_003268.jpg,0
dog/pixabay_dog_003269.jpg,6
dog/pixabay_dog_003270.jpg,0
dog/pixabay_dog_003271.jpg,0
dog/pixabay_dog_003272.jpg,0
dog/pixabay_dog_003273.jpg,0
dog/pixabay_dog_003274.jpg,0
dog/pixabay_dog_003275.jpg,0
dog/pixabay_dog_003276.jpg,0
dog/pixabay_dog_003277.jpg,0
dog/pixabay_dog_003278.jpg,0
dog/pixabay_dog_003279.jpg,0
dog/pixabay_dog_003280.jpg,0
dog/pixabay_dog_003281.jpg,0
dog/pixabay_dog_003282.jpg,0
dog/pixabay_dog_003283.jpg,0
dog/pixabay_dog_003284.jpg,0
dog/pixabay_dog_003285.jpg,0
dog/pixabay_dog_003286.jpg,0
dog/pixabay_dog_003287.jpg,0
dog/pixabay_dog_003288.jpg,0
dog/pixabay_dog_003289.jpg,0
dog/pixabay_dog_003290.jpg,0
dog/pixabay_dog_003291.jpg,0
dog/pixabay_dog_003292.jpg,0
dog/pixabay_dog_003294.jpg,0
dog/pixabay_dog_003295.jpg,0
dog/pixabay_dog_003296.jpg,0
dog/pixabay_dog_003297.jpg,0
dog/pixabay_dog_003298.jpg,0
dog/pixabay_dog_003299.jpg,0
dog/pixabay_dog_003300.jpg,0
dog/pixabay_dog_003301.jpg,0
dog/pixabay_dog_003302.jpg,0
dog/pixabay_dog_003303.jpg,0
dog/pixabay_dog_003304.jpg,6
dog/pixabay_dog_003305.jpg,0
dog/pixabay_dog_003306.jpg,0
dog/pixabay_dog_003308.jpg,0
dog/pixabay_dog_003310.jpg,0
dog/pixabay_dog_003311.jpg,0
dog/pixabay_dog_003312.jpg,0
dog/pixabay_dog_003313.jpg,6
dog/pixabay_dog_003314.jpg,0
dog/pixabay_dog_003315.jpg,0
dog/pixabay_dog_003316.jpg,0
dog/pixabay_dog_003317.jpg,6
dog/pixabay_dog_003318.jpg,0
dog/pixabay_dog_003319.jpg,0
dog/pixabay_dog_003320.jpg,6
dog/pixabay_dog_003321.jpg,6
dog/pixabay_dog_003322.jpg,0
dog/pixabay_dog_003324.jpg,6
dog/pixabay_dog_003325.jpg,0
dog/pixabay_dog_003326.jpg,0
dog/pixabay_dog_003327.jpg,0
dog/pixabay_dog_003328.jpg,0
dog/pixabay_dog_003329.jpg,6
dog/pixabay_dog_003330.jpg,6
dog/pixabay_dog_003331.jpg,6
dog/pixabay_dog_003332.jpg,6
dog/pixabay_dog_003333.jpg,0
dog/pixabay_dog_003336.jpg,0
dog/pixabay_dog_003337.jpg,0
dog/pixabay_dog_003338.jpg,6
dog/pixabay_dog_003339.jpg,6
dog/pixabay_dog_003340.jpg,0
dog/pixabay_dog_003341.jpg,0
dog/pixabay_dog_003342.jpg,6
dog/pixabay_dog_003343.jpg,0
dog/pixabay_dog_003344.jpg,0
dog/pixabay_dog_003346.jpg,6
dog/pixabay_dog_003347.jpg,0
dog/pixabay_dog_003348.jpg,0
dog/pixabay_dog_003349.jpg,0
dog/pixabay_dog_003350.jpg,6
dog/pixabay_dog_003352.jpg,0
dog/pixabay_dog_003353.jpg,0
dog/pixabay_dog_003354.jpg,0
dog/pixabay_dog_003356.jpg,0
dog/pixabay_dog_003357.jpg,0
dog/pixabay_dog_003358.jpg,6
dog/pixabay_dog_003359.jpg,0
dog/pixabay_dog_003360.jpg,6
dog/pixabay_dog_003361.jpg,0
dog/pixabay_dog_003362.jpg,0
dog/pixabay_dog_003363.jpg,0
dog/pixabay_dog_003364.jpg,0
dog/pixabay_dog_003365.jpg,0
dog/pixabay_dog_003367.jpg,0
dog/pixabay_dog_003368.jpg,0
dog/pixabay_dog_003369.jpg,0
dog/pixabay_dog_003370.jpg,6
dog/pixabay_dog_003371.jpg,0
dog/pixabay_dog_003373.jpg,0
dog/pixabay_dog_003374.jpg,0
dog/pixabay_dog_003375.jpg,0
dog/pixabay_dog_003377.jpg,0
dog/pixabay_dog_003378.jpg,0
dog/pixabay_dog_003380.jpg,0
dog/pixabay_dog_003381.jpg,0
dog/pixabay_dog_003382.jpg,0
dog/pixabay_dog_003384.jpg,6
dog/pixabay_dog_003385.jpg,0
dog/pixabay_dog_003386.jpg,0
dog/pixabay_dog_003387.jpg,6
dog/pixabay_dog_003388.jpg,0
dog/pixabay_dog_003389.jpg,0
dog/pixabay_dog_003390.jpg,6
dog/pixabay_dog_003391.jpg,0
dog/pixabay_dog_003392.jpg,0
dog/pixabay_dog_003393.jpg,6
dog/pixabay_dog_003394.jpg,6
dog/pixabay_dog_003395.jpg,6
dog/pixabay_dog_003396.jpg,0
dog/pixabay_dog_003397.jpg,0
dog/pixabay_dog_003399.jpg,0
dog/pixabay_dog_003400.jpg,0
dog/pixabay_dog_003401.jpg,0
dog/pixabay_dog_003402.jpg,0
dog/pixabay_dog_003403.jpg,0
dog/pixabay_dog_003404.jpg,0
dog/pixabay_dog_003405.jpg,0
dog/pixabay_dog_003407.jpg,0
dog/pixabay_dog_003408.jpg,0
dog/pixabay_dog_003409.jpg,0
dog/pixabay_dog_003411.jpg,6
dog/pixabay_dog_003412.jpg,0
dog/pixabay_dog_003413.jpg,6
dog/pixabay_dog_003414.jpg,0
dog/pixabay_dog_003415.jpg,6
dog/pixabay_dog_003416.jpg,6
dog/pixabay_dog_003417.jpg,6
dog/pixabay_dog_003418.jpg,0
dog/pixabay_dog_003419.jpg,0
dog/pixabay_dog_003420.jpg,0
dog/pixabay_dog_003422.jpg,6
dog/pixabay_dog_003423.jpg,0
dog/pixabay_dog_003424.jpg,6
dog/pixabay_dog_003425.jpg,0
dog/pixabay_dog_003426.jpg,0
dog/pixabay_dog_003427.jpg,0
dog/pixabay_dog_003428.jpg,0
dog/pixabay_dog_003429.jpg,0
dog/pixabay_dog_003430.jpg,0
dog/pixabay_dog_003431.jpg,0
dog/pixabay_dog_003432.jpg,0
dog/pixabay_dog_003433.jpg,0
dog/pixabay_dog_003434.jpg,0
dog/pixabay_dog_003435.jpg,0
dog/pixabay_dog_003436.jpg,0
dog/pixabay_dog_003437.jpg,0
dog/pixabay_dog_003438.jpg,0
dog/pixabay_dog_003439.jpg,0
dog/pixabay_dog_003440.jpg,0
dog/pixabay_dog_003441.jpg,0
dog/pixabay_dog_003442.jpg,0
dog/pixabay_dog_003443.jpg,0
dog/pixabay_dog_003444.jpg,0
dog/pixabay_dog_003445.jpg,0
dog/pixabay_dog_003446.jpg,0
dog/pixabay_dog_003447.jpg,0
dog/pixabay_dog_003450.jpg,0
dog/pixabay_dog_003451.jpg,0
dog/pixabay_dog_003452.jpg,0
dog/pixabay_dog_003453.jpg,0
dog/pixabay_dog_003454.jpg,0
dog/pixabay_dog_003455.jpg,0
dog/pixabay_dog_003456.jpg,6
dog/pixabay_dog_003457.jpg,0
dog/pixabay_dog_003458.jpg,0
dog/pixabay_dog_003459.jpg,0
dog/pixabay_dog_003460.jpg,0
dog/pixabay_dog_003461.jpg,0
dog/pixabay_dog_003462.jpg,0
dog/pixabay_dog_003463.jpg,0
dog/pixabay_dog_003464.jpg,0
dog/pixabay_dog_003466.jpg,0
dog/pixabay_dog_003467.jpg,0
dog/pixabay_dog_003469.jpg,0
dog/pixabay_dog_003470.jpg,0
dog/pixabay_dog_003471.jpg,0
dog/pixabay_dog_003472.jpg,6
dog/pixabay_dog_003473.jpg,0
dog/pixabay_dog_003474.jpg,0
dog/pixabay_dog_003475.jpg,0
dog/pixabay_dog_003476.jpg,6
dog/pixabay_dog_003477.jpg,0
dog/pixabay_dog_003479.jpg,0
dog/pixabay_dog_003481.jpg,0
dog/pixabay_dog_003482.jpg,0
dog/pixabay_dog_003483.jpg,0
dog/pixabay_dog_003484.jpg,0
dog/pixabay_dog_003485.jpg,0
dog/pixabay_dog_003486.jpg,0
dog/pixabay_dog_003487.jpg,0
dog/pixabay_dog_003488.jpg,0
dog/pixabay_dog_003490.jpg,0
dog/pixabay_dog_003491.jpg,0
dog/pixabay_dog_003492.jpg,6
dog/pixabay_dog_003494.jpg,0
dog/pixabay_dog_003495.jpg,0
dog/pixabay_dog_003496.jpg,0
dog/pixabay_dog_003497.jpg,0
dog/pixabay_dog_003498.jpg,0
dog/pixabay_dog_003499.jpg,0
dog/pixabay_dog_003500.jpg,0
dog/pixabay_dog_003501.jpg,0
dog/pixabay_dog_003503.jpg,0
dog/pixabay_dog_003504.jpg,0
dog/pixabay_dog_003506.jpg,0
dog/pixabay_dog_003507.jpg,6
dog/pixabay_dog_003508.jpg,0
dog/pixabay_dog_003509.jpg,0
dog/pixabay_dog_003510.jpg,6
dog/pixabay_dog_003511.jpg,0
dog/pixabay_dog_003512.jpg,6
dog/pixabay_dog_003513.jpg,0
dog/pixabay_dog_003514.jpg,0
dog/pixabay_dog_003515.jpg,0
dog/pixabay_dog_003516.jpg,0
dog/pixabay_dog_003517.jpg,6
dog/pixabay_dog_003518.jpg,0
dog/pixabay_dog_003519.jpg,6
dog/pixabay_dog_003520.jpg,6
dog/pixabay_dog_003522.jpg,0
dog/pixabay_dog_003523.jpg,0
dog/pixabay_dog_003524.jpg,0
dog/pixabay_dog_003525.jpg,0
dog/pixabay_dog_003526.jpg,0
dog/pixabay_dog_003527.jpg,0
dog/pixabay_dog_003529.jpg,0
dog/pixabay_dog_003530.jpg,0
dog/pixabay_dog_003531.jpg,0
dog/pixabay_dog_003532.jpg,0
dog/pixabay_dog_003533.jpg,6
dog/pixabay_dog_003534.jpg,6
dog/pixabay_dog_003536.jpg,0
dog/pixabay_dog_003537.jpg,0
dog/pixabay_dog_003538.jpg,0
dog/pixabay_dog_003540.jpg,0
dog/pixabay_dog_003541.jpg,0
dog/pixabay_dog_003542.jpg,1
dog/pixabay_dog_003544.jpg,6
dog/pixabay_dog_003545.jpg,0
dog/pixabay_dog_003546.jpg,0
dog/pixabay_dog_003547.jpg,0
dog/pixabay_dog_003548.jpg,0
dog/pixabay_dog_003549.jpg,6
dog/pixabay_dog_003550.jpg,0
dog/pixabay_dog_003551.jpg,0
dog/pixabay_dog_003553.jpg,6
dog/pixabay_dog_003554.jpg,0
dog/pixabay_dog_003555.jpg,0
dog/pixabay_dog_003556.jpg,0
dog/pixabay_dog_003557.jpg,0
dog/pixabay_dog_003558.jpg,0
dog/pixabay_dog_003559.jpg,0
dog/pixabay_dog_003560.jpg,6
dog/pixabay_dog_003561.jpg,0
dog/pixabay_dog_003562.jpg,0
dog/pixabay_dog_003563.jpg,0
dog/pixabay_dog_003564.jpg,0
dog/pixabay_dog_003565.jpg,0
dog/pixabay_dog_003566.jpg,0
dog/pixabay_dog_003567.jpg,6
dog/pixabay_dog_003568.jpg,0
dog/pixabay_dog_003569.jpg,0
dog/pixabay_dog_003570.jpg,0
dog/pixabay_dog_003571.jpg,0
dog/pixabay_dog_003572.jpg,0
dog/pixabay_dog_003573.jpg,0
dog/pixabay_dog_003575.jpg,0
dog/pixabay_dog_003576.jpg,6
dog/pixabay_dog_003577.jpg,0
dog/pixabay_dog_003578.jpg,0
dog/pixabay_dog_003579.jpg,6
dog/pixabay_dog_003580.jpg,0
dog/pixabay_dog_003581.jpg,6
dog/pixabay_dog_003582.jpg,0
dog/pixabay_dog_003583.jpg,0
dog/pixabay_dog_003584.jpg,0
dog/pixabay_dog_003585.jpg,0
dog/pixabay_dog_003586.jpg,0
dog/pixabay_dog_003587.jpg,0
dog/pixabay_dog_003588.jpg,0
dog/pixabay_dog_003589.jpg,0
dog/pixabay_dog_003590.jpg,0
dog/pixabay_dog_003592.jpg,0
dog/pixabay_dog_003593.jpg,0
dog/pixabay_dog_003594.jpg,6
dog/pixabay_dog_003595.jpg,0
dog/pixabay_dog_003596.jpg,0
dog/pixabay_dog_003597.jpg,0
dog/pixabay_dog_003598.jpg,0
dog/pixabay_dog_003599.jpg,0
dog/pixabay_dog_003600.jpg,6
dog/pixabay_dog_003601.jpg,0
dog/pixabay_dog_003602.jpg,6
dog/pixabay_dog_003603.jpg,0
dog/pixabay_dog_003604.jpg,0
dog/pixabay_dog_003605.jpg,0
dog/pixabay_dog_003606.jpg,6
dog/pixabay_dog_003607.jpg,0
dog/pixabay_dog_003608.jpg,6
dog/pixabay_dog_003609.jpg,0
dog/pixabay_dog_003610.jpg,0
dog/pixabay_dog_003611.jpg,0
dog/pixabay_dog_003612.jpg,0
dog/pixabay_dog_003613.jpg,0
dog/pixabay_dog_003614.jpg,0
dog/pixabay_dog_003615.jpg,0
dog/pixabay_dog_003616.jpg,0
dog/pixabay_dog_003617.jpg,0
dog/pixabay_dog_003618.jpg,0
dog/pixabay_dog_003619.jpg,0
dog/pixabay_dog_003620.jpg,0
dog/pixabay_dog_003621.jpg,0
dog/pixabay_dog_003622.jpg,0
dog/pixabay_dog_003623.jpg,0
dog/pixabay_dog_003624.jpg,0
dog/pixabay_dog_003625.jpg,0
dog/pixabay_dog_003626.jpg,6
dog/pixabay_dog_003627.jpg,6
dog/pixabay_dog_003628.jpg,0
dog/pixabay_dog_003629.jpg,0
dog/pixabay_dog_003630.jpg,6
dog/pixabay_dog_003631.jpg,0
dog/pixabay_dog_003632.jpg,0
dog/pixabay_dog_003633.jpg,0
dog/pixabay_dog_003634.jpg,0
dog/pixabay_dog_003635.jpg,0
dog/pixabay_dog_003636.jpg,0
dog/pixabay_dog_003638.jpg,0
dog/pixabay_dog_003639.jpg,0
dog/pixabay_dog_003640.jpg,0
dog/pixabay_dog_003641.jpg,0
dog/pixabay_dog_003642.jpg,0
dog/pixabay_dog_003643.jpg,0
dog/pixabay_dog_003644.jpg,0
dog/pixabay_dog_003645.jpg,0
dog/pixabay_dog_003646.jpg,0
dog/pixabay_dog_003647.jpg,0
dog/pixabay_dog_003648.jpg,0
dog/pixabay_dog_003649.jpg,0
dog/pixabay_dog_003650.jpg,0
dog/pixabay_dog_003651.jpg,0
dog/pixabay_dog_003652.jpg,0
dog/pixabay_dog_003653.jpg,0
dog/pixabay_dog_003654.jpg,0
dog/pixabay_dog_003655.jpg,0
dog/pixabay_dog_003656.jpg,0
dog/pixabay_dog_003657.jpg,6
dog/pixabay_dog_003659.jpg,0
dog/pixabay_dog_003660.jpg,0
dog/pixabay_dog_003661.jpg,0
dog/pixabay_dog_003662.jpg,0
dog/pixabay_dog_003663.jpg,0
dog/pixabay_dog_003664.jpg,0
dog/pixabay_dog_003665.jpg,0
dog/pixabay_dog_003666.jpg,0
dog/pixabay_dog_003668.jpg,0
dog/pixabay_dog_003670.jpg,0
dog/pixabay_dog_003671.jpg,0
dog/pixabay_dog_003673.jpg,6
dog/pixabay_dog_003674.jpg,0
dog/pixabay_dog_003675.jpg,0
dog/pixabay_dog_003676.jpg,6
dog/pixabay_dog_003677.jpg,0
dog/pixabay_dog_003678.jpg,6
dog/pixabay_dog_003679.jpg,0
dog/pixabay_dog_003680.jpg,0
dog/pixabay_dog_003681.jpg,0
dog/pixabay_dog_003682.jpg,6
dog/pixabay_dog_003683.jpg,0
dog/pixabay_dog_003684.jpg,0
dog/pixabay_dog_003685.jpg,0
dog/pixabay_dog_003686.jpg,0
dog/pixabay_dog_003687.jpg,0
dog/pixabay_dog_003688.jpg,0
dog/pixabay_dog_003689.jpg,0
dog/pixabay_dog_003690.jpg,0
dog/pixabay_dog_003691.jpg,0
dog/pixabay_dog_003692.jpg,6
dog/pixabay_dog_003693.jpg,0
dog/pixabay_dog_003694.jpg,0
dog/pixabay_dog_003695.jpg,0
dog/pixabay_dog_003696.jpg,0
dog/pixabay_dog_003697.jpg,0
dog/pixabay_dog_003698.jpg,0
dog/pixabay_dog_003699.jpg,0
dog/pixabay_dog_003700.jpg,0
dog/pixabay_dog_003701.jpg,6
dog/pixabay_dog_003702.jpg,0
dog/pixabay_dog_003704.jpg,0
dog/pixabay_dog_003705.jpg,6
dog/pixabay_dog_003706.jpg,0
dog/pixabay_dog_003707.jpg,0
dog/pixabay_dog_003708.jpg,0
dog/pixabay_dog_003711.jpg,0
dog/pixabay_dog_003712.jpg,0
dog/pixabay_dog_003713.jpg,0
dog/pixabay_dog_003714.jpg,0
dog/pixabay_dog_003715.jpg,6
dog/pixabay_dog_003716.jpg,0
dog/pixabay_dog_003717.jpg,0
dog/pixabay_dog_003718.jpg,0
dog/pixabay_dog_003719.jpg,0
dog/pixabay_dog_003721.jpg,6
dog/pixabay_dog_003722.jpg,0
dog/pixabay_dog_003723.jpg,0
dog/pixabay_dog_003724.jpg,0
dog/pixabay_dog_003725.jpg,0
dog/pixabay_dog_003727.jpg,0
dog/pixabay_dog_003729.jpg,0
dog/pixabay_dog_003730.jpg,0
dog/pixabay_dog_003731.jpg,0
dog/pixabay_dog_003732.jpg,6
dog/pixabay_dog_003733.jpg,6
dog/pixabay_dog_003734.jpg,0
dog/pixabay_dog_003735.jpg,6
dog/pixabay_dog_003736.jpg,0
dog/pixabay_dog_003737.jpg,0
dog/pixabay_dog_003738.jpg,0
dog/pixabay_dog_003739.jpg,0
dog/pixabay_dog_003740.jpg,0
dog/pixabay_dog_003742.jpg,0
dog/pixabay_dog_003743.jpg,0
dog/pixabay_dog_003744.jpg,0
dog/pixabay_dog_003745.jpg,0
dog/pixabay_dog_003746.jpg,0
dog/pixabay_dog_003748.jpg,0
dog/pixabay_dog_003749.jpg,0
dog/pixabay_dog_003750.jpg,0
dog/pixabay_dog_003752.jpg,0
dog/pixabay_dog_003753.jpg,0
dog/pixabay_dog_003754.jpg,0
dog/pixabay_dog_003755.jpg,0
dog/pixabay_dog_003756.jpg,0
dog/pixabay_dog_003757.jpg,0
dog/pixabay_dog_003758.jpg,0
dog/pixabay_dog_003759.jpg,6
dog/pixabay_dog_003760.jpg,6
dog/pixabay_dog_003761.jpg,0
dog/pixabay_dog_003762.jpg,0
dog/pixabay_dog_003763.jpg,0
dog/pixabay_dog_003764.jpg,0
dog/pixabay_dog_003765.jpg,0
dog/pixabay_dog_003768.jpg,0
dog/pixabay_dog_003769.jpg,0
dog/pixabay_dog_003770.jpg,0
dog/pixabay_dog_003771.jpg,0
dog/pixabay_dog_003772.jpg,0
dog/pixabay_dog_003773.jpg,0
dog/pixabay_dog_003774.jpg,0
dog/pixabay_dog_003777.jpg,0
dog/pixabay_dog_003778.jpg,0
dog/pixabay_dog_003779.jpg,0
dog/pixabay_dog_003780.jpg,0
dog/pixabay_dog_003781.jpg,0
dog/pixabay_dog_003782.jpg,0
dog/pixabay_dog_003783.jpg,0
dog/pixabay_dog_003784.jpg,0
dog/pixabay_dog_003785.jpg,0
dog/pixabay_dog_003786.jpg,0
dog/pixabay_dog_003787.jpg,0
dog/pixabay_dog_003788.jpg,0
dog/pixabay_dog_003789.jpg,0
dog/pixabay_dog_003790.jpg,0
dog/pixabay_dog_003791.jpg,0
dog/pixabay_dog_003792.jpg,0
dog/pixabay_dog_003793.jpg,0
dog/pixabay_dog_003794.jpg,0
dog/pixabay_dog_003795.jpg,6
dog/pixabay_dog_003796.jpg,0
dog/pixabay_dog_003797.jpg,0
dog/pixabay_dog_003798.jpg,0
dog/pixabay_dog_003799.jpg,0
dog/pixabay_dog_003800.jpg,6
dog/pixabay_dog_003801.jpg,6
dog/pixabay_dog_003802.jpg,0
dog/pixabay_dog_003803.jpg,6
dog/pixabay_dog_003804.jpg,0
dog/pixabay_dog_003805.jpg,0
dog/pixabay_dog_003806.jpg,6
dog/pixabay_dog_003807.jpg,0
dog/pixabay_dog_003808.jpg,0
dog/pixabay_dog_003809.jpg,0
dog/pixabay_dog_003810.jpg,0
dog/pixabay_dog_003811.jpg,0
dog/pixabay_dog_003812.jpg,0
dog/pixabay_dog_003813.jpg,0
dog/pixabay_dog_003814.jpg,0
dog/pixabay_dog_003815.jpg,0
dog/pixabay_dog_003816.jpg,0
dog/pixabay_dog_003817.jpg,0
dog/pixabay_dog_003818.jpg,0
dog/pixabay_dog_003819.jpg,6
dog/pixabay_dog_003820.jpg,0
dog/pixabay_dog_003821.jpg,0
dog/pixabay_dog_003822.jpg,0
dog/pixabay_dog_003823.jpg,6
dog/pixabay_dog_003824.jpg,0
dog/pixabay_dog_003825.jpg,0
dog/pixabay_dog_003826.jpg,0
dog/pixabay_dog_003827.jpg,0
dog/pixabay_dog_003828.jpg,0
dog/pixabay_dog_003829.jpg,0
dog/pixabay_dog_003830.jpg,0
dog/pixabay_dog_003831.jpg,0
dog/pixabay_dog_003832.jpg,0
dog/pixabay_dog_003833.jpg,0
dog/pixabay_dog_003834.jpg,0
dog/pixabay_dog_003835.jpg,0
dog/pixabay_dog_003836.jpg,0
dog/pixabay_dog_003837.jpg,6
dog/pixabay_dog_003838.jpg,6
dog/pixabay_dog_003839.jpg,0
dog/pixabay_dog_003840.jpg,0
dog/pixabay_dog_003841.jpg,0
dog/pixabay_dog_003842.jpg,0
dog/pixabay_dog_003843.jpg,0
dog/pixabay_dog_003844.jpg,0
dog/pixabay_dog_003845.jpg,0
dog/pixabay_dog_003846.jpg,0
dog/pixabay_dog_003847.jpg,0
dog/pixabay_dog_003848.jpg,0
dog/pixabay_dog_003849.jpg,0
dog/pixabay_dog_003850.jpg,0
dog/pixabay_dog_003851.jpg,0
dog/pixabay_dog_003852.jpg,0
dog/pixabay_dog_003853.jpg,0
dog/pixabay_dog_003854.jpg,0
dog/pixabay_dog_003855.jpg,0
dog/pixabay_dog_003857.jpg,0
dog/pixabay_dog_003858.jpg,6
dog/pixabay_dog_003859.jpg,0
dog/pixabay_dog_003860.jpg,0
dog/pixabay_dog_003861.jpg,0
dog/pixabay_dog_003862.jpg,0
dog/pixabay_dog_003863.jpg,0
dog/pixabay_dog_003864.jpg,0
dog/pixabay_dog_003865.jpg,6
dog/pixabay_dog_003866.jpg,0
dog/pixabay_dog_003867.jpg,0
dog/pixabay_dog_003868.jpg,0
dog/pixabay_dog_003869.jpg,0
dog/pixabay_dog_003870.jpg,0
dog/pixabay_dog_003871.jpg,0
dog/pixabay_dog_003872.jpg,0
dog/pixabay_dog_003873.jpg,0
dog/pixabay_dog_003874.jpg,0
dog/pixabay_dog_003875.jpg,0
dog/pixabay_dog_003876.jpg,0
dog/pixabay_dog_003877.jpg,0
dog/pixabay_dog_003878.jpg,0
dog/pixabay_dog_003879.jpg,0
dog/pixabay_dog_003880.jpg,6
dog/pixabay_dog_003881.jpg,6
dog/pixabay_dog_003882.jpg,6
dog/pixabay_dog_003883.jpg,0
dog/pixabay_dog_003884.jpg,0
dog/pixabay_dog_003885.jpg,0
dog/pixabay_dog_003886.jpg,0
dog/pixabay_dog_003888.jpg,0
dog/pixabay_dog_003889.jpg,0
dog/pixabay_dog_003890.jpg,0
dog/pixabay_dog_003892.jpg,0
dog/pixabay_dog_003893.jpg,0
dog/pixabay_dog_003894.jpg,6
dog/pixabay_dog_003895.jpg,0
dog/pixabay_dog_003896.jpg,0
dog/pixabay_dog_003897.jpg,0
dog/pixabay_dog_003898.jpg,6
dog/pixabay_dog_003899.jpg,6
dog/pixabay_dog_003900.jpg,0
dog/pixabay_dog_003901.jpg,6
dog/pixabay_dog_003902.jpg,0
dog/pixabay_dog_003903.jpg,0
dog/pixabay_dog_003904.jpg,6
dog/pixabay_dog_003905.jpg,0
dog/pixabay_dog_003906.jpg,0
dog/pixabay_dog_003907.jpg,0
dog/pixabay_dog_003908.jpg,0
dog/pixabay_dog_003909.jpg,0
dog/pixabay_dog_003910.jpg,0
dog/pixabay_dog_003911.jpg,0
dog/pixabay_dog_003912.jpg,6
dog/pixabay_dog_003913.jpg,6
dog/pixabay_dog_003915.jpg,0
dog/pixabay_dog_003916.jpg,0
dog/pixabay_dog_003917.jpg,0
dog/pixabay_dog_003918.jpg,0
dog/pixabay_dog_003919.jpg,0
dog/pixabay_dog_003920.jpg,0
dog/pixabay_dog_003921.jpg,6
dog/pixabay_dog_003923.jpg,0
dog/pixabay_dog_003924.jpg,0
dog/pixabay_dog_003925.jpg,0
dog/pixabay_dog_003926.jpg,0
dog/pixabay_dog_003927.jpg,0
dog/pixabay_dog_003928.jpg,0
dog/pixabay_dog_003929.jpg,0
dog/pixabay_dog_003930.jpg,0
dog/pixabay_dog_003931.jpg,0
dog/pixabay_dog_003932.jpg,0
dog/pixabay_dog_003933.jpg,0
dog/pixabay_dog_003934.jpg,0
dog/pixabay_dog_003935.jpg,0
dog/pixabay_dog_003936.jpg,0
dog/pixabay_dog_003938.jpg,0
dog/pixabay_dog_003939.jpg,0
dog/pixabay_dog_003940.jpg,6
dog/pixabay_dog_003941.jpg,0
dog/pixabay_dog_003944.jpg,0
dog/pixabay_dog_003946.jpg,0
dog/pixabay_dog_003947.jpg,0
dog/pixabay_dog_003948.jpg,0
dog/pixabay_dog_003949.jpg,0
dog/pixabay_dog_003950.jpg,0
dog/pixabay_dog_003951.jpg,0
dog/pixabay_dog_003952.jpg,0
dog/pixabay_dog_003953.jpg,0
dog/pixabay_dog_003954.jpg,0
dog/pixabay_dog_003955.jpg,0
dog/pixabay_dog_003956.jpg,0
dog/pixabay_dog_003957.jpg,0
dog/pixabay_dog_003958.jpg,6
dog/pixabay_dog_003959.jpg,0
dog/pixabay_dog_003960.jpg,0
dog/pixabay_dog_003961.jpg,0
dog/pixabay_dog_003962.jpg,0
dog/pixabay_dog_003963.jpg,0
dog/pixabay_dog_003964.jpg,0
dog/pixabay_dog_003965.jpg,0
dog/pixabay_dog_003966.jpg,6
dog/pixabay_dog_003967.jpg,0
dog/pixabay_dog_003968.jpg,0
dog/pixabay_dog_003969.jpg,0
dog/pixabay_dog_003970.jpg,6
dog/pixabay_dog_003971.jpg,0
dog/pixabay_dog_003972.jpg,0
dog/pixabay_dog_003973.jpg,0
dog/pixabay_dog_003974.jpg,0
dog/pixabay_dog_003976.jpg,0
dog/pixabay_dog_003977.jpg,0
dog/pixabay_dog_003978.jpg,6
dog/pixabay_dog_003979.jpg,0
dog/pixabay_dog_003981.jpg,0
dog/pixabay_dog_003982.jpg,0
dog/pixabay_dog_003983.jpg,0
dog/pixabay_dog_003984.jpg,0
dog/pixabay_dog_003985.jpg,0
dog/pixabay_dog_003986.jpg,0
dog/pixabay_dog_003987.jpg,0
dog/pixabay_dog_003988.jpg,6
dog/pixabay_dog_003991.jpg,0
dog/pixabay_dog_003992.jpg,0
dog/pixabay_dog_003993.jpg,6
dog/pixabay_dog_003994.jpg,0
dog/pixabay_dog_003995.jpg,6
dog/pixabay_dog_003996.jpg,6
dog/pixabay_dog_003998.jpg,0
dog/pixabay_dog_003999.jpg,0
dog/pixabay_dog_004001.jpg,0
dog/pixabay_dog_004002.jpg,6
dog/pixabay_dog_004003.jpg,0
dog/pixabay_dog_004004.jpg,0
dog/pixabay_dog_004007.jpg,0
dog/pixabay_dog_004008.jpg,0
dog/pixabay_dog_004009.jpg,0
dog/pixabay_dog_004010.jpg,6
dog/pixabay_dog_004011.jpg,0
dog/pixabay_dog_004012.jpg,0
dog/pixabay_dog_004013.jpg,0
dog/pixabay_dog_004014.jpg,0
dog/pixabay_dog_004015.jpg,0
dog/pixabay_dog_004017.jpg,0
dog/pixabay_dog_004018.jpg,6
dog/pixabay_dog_004019.jpg,0
dog/pixabay_dog_004020.jpg,6
dog/pixabay_dog_004021.jpg,0
dog/pixabay_dog_004022.jpg,0
dog/pixabay_dog_004023.jpg,0
dog/pixabay_dog_004024.jpg,0
dog/pixabay_dog_004025.jpg,0
dog/pixabay_dog_004026.jpg,0
dog/pixabay_dog_004027.jpg,0
dog/pixabay_dog_004028.jpg,0
dog/pixabay_dog_004029.jpg,0
dog/pixabay_dog_004030.jpg,0
dog/pixabay_dog_004031.jpg,0
dog/pixabay_dog_004032.jpg,0
dog/pixabay_dog_004033.jpg,0
dog/pixabay_dog_004034.jpg,0
dog/pixabay_dog_004035.jpg,6
dog/pixabay_dog_004036.jpg,6
dog/pixabay_dog_004037.jpg,0
dog/pixabay_dog_004038.jpg,0
dog/pixabay_dog_004039.jpg,0
dog/pixabay_dog_004040.jpg,0
dog/pixabay_dog_004041.jpg,0
dog/pixabay_dog_004042.jpg,0
dog/pixabay_dog_004043.jpg,0
dog/pixabay_dog_004044.jpg,0
dog/pixabay_dog_004045.jpg,0
dog/pixabay_dog_004046.jpg,0
dog/pixabay_dog_004047.jpg,0
dog/pixabay_dog_004048.jpg,0
dog/pixabay_dog_004049.jpg,0
dog/pixabay_dog_004050.jpg,0
dog/pixabay_dog_004051.jpg,0
dog/pixabay_dog_004052.jpg,0
dog/pixabay_dog_004053.jpg,6
dog/pixabay_dog_004054.jpg,0
dog/pixabay_dog_004055.jpg,0
dog/pixabay_dog_004056.jpg,6
wild/flickr_wild_000002.jpg,6
wild/flickr_wild_000003.jpg,6
wild/flickr_wild_000005.jpg,6
wild/flickr_wild_000006.jpg,6
wild/flickr_wild_000007.jpg,6
wild/flickr_wild_000008.jpg,6
wild/flickr_wild_000009.jpg,6
wild/flickr_wild_000010.jpg,6
wild/flickr_wild_000011.jpg,6
wild/flickr_wild_000013.jpg,6
wild/flickr_wild_000014.jpg,6
wild/flickr_wild_000015.jpg,6
wild/flickr_wild_000016.jpg,6
wild/flickr_wild_000018.jpg,6
wild/flickr_wild_000019.jpg,6
wild/flickr_wild_000020.jpg,6
wild/flickr_wild_000021.jpg,6
wild/flickr_wild_000022.jpg,6
wild/flickr_wild_000023.jpg,6
wild/flickr_wild_000024.jpg,6
wild/flickr_wild_000025.jpg,6
wild/flickr_wild_000026.jpg,6
wild/flickr_wild_000027.jpg,6
wild/flickr_wild_000028.jpg,0
wild/flickr_wild_000029.jpg,6
wild/flickr_wild_000030.jpg,6
wild/flickr_wild_000031.jpg,6
wild/flickr_wild_000032.jpg,6
wild/flickr_wild_000033.jpg,6
wild/flickr_wild_000034.jpg,6
wild/flickr_wild_000035.jpg,6
wild/flickr_wild_000036.jpg,6
wild/flickr_wild_000037.jpg,6
wild/flickr_wild_000041.jpg,6
wild/flickr_wild_000042.jpg,6
wild/flickr_wild_000043.jpg,6
wild/flickr_wild_000044.jpg,6
wild/flickr_wild_000045.jpg,6
wild/flickr_wild_000047.jpg,6
wild/flickr_wild_000048.jpg,6
wild/flickr_wild_000049.jpg,6
wild/flickr_wild_000050.jpg,6
wild/flickr_wild_000051.jpg,6
wild/flickr_wild_000052.jpg,6
wild/flickr_wild_000054.jpg,6
wild/flickr_wild_000055.jpg,6
wild/flickr_wild_000056.jpg,6
wild/flickr_wild_000057.jpg,6
wild/flickr_wild_000058.jpg,6
wild/flickr_wild_000059.jpg,6
wild/flickr_wild_000060.jpg,6
wild/flickr_wild_000062.jpg,0
wild/flickr_wild_000065.jpg,6
wild/flickr_wild_000066.jpg,6
wild/flickr_wild_000067.jpg,6
wild/flickr_wild_000068.jpg,6
wild/flickr_wild_000069.jpg,6
wild/flickr_wild_000070.jpg,6
wild/flickr_wild_000071.jpg,6
wild/flickr_wild_000072.jpg,6
wild/flickr_wild_000073.jpg,6
wild/flickr_wild_000074.jpg,6
wild/flickr_wild_000076.jpg,6
wild/flickr_wild_000077.jpg,6
wild/flickr_wild_000078.jpg,6
wild/flickr_wild_000079.jpg,6
wild/flickr_wild_000080.jpg,6
wild/flickr_wild_000081.jpg,6
wild/flickr_wild_000082.jpg,6
wild/flickr_wild_000083.jpg,6
wild/flickr_wild_000084.jpg,6
wild/flickr_wild_000085.jpg,6
wild/flickr_wild_000086.jpg,6
wild/flickr_wild_000087.jpg,6
wild/flickr_wild_000088.jpg,6
wild/flickr_wild_000089.jpg,6
wild/flickr_wild_000091.jpg,6
wild/flickr_wild_000092.jpg,6
wild/flickr_wild_000093.jpg,6
wild/flickr_wild_000094.jpg,6
wild/flickr_wild_000095.jpg,6
wild/flickr_wild_000096.jpg,6
wild/flickr_wild_000097.jpg,6
wild/flickr_wild_000098.jpg,6
wild/flickr_wild_000100.jpg,6
wild/flickr_wild_000101.jpg,6
wild/flickr_wild_000102.jpg,6
wild/flickr_wild_000103.jpg,6
wild/flickr_wild_000104.jpg,6
wild/flickr_wild_000105.jpg,6
wild/flickr_wild_000106.jpg,6
wild/flickr_wild_000107.jpg,6
wild/flickr_wild_000108.jpg,6
wild/flickr_wild_000109.jpg,6
wild/flickr_wild_000110.jpg,6
wild/flickr_wild_000111.jpg,6
wild/flickr_wild_000112.jpg,6
wild/flickr_wild_000113.jpg,6
wild/flickr_wild_000114.jpg,6
wild/flickr_wild_000115.jpg,6
wild/flickr_wild_000116.jpg,6
wild/flickr_wild_000117.jpg,6
wild/flickr_wild_000118.jpg,6
wild/flickr_wild_000119.jpg,6
wild/flickr_wild_000120.jpg,6
wild/flickr_wild_000121.jpg,6
wild/flickr_wild_000122.jpg,6
wild/flickr_wild_000123.jpg,6
wild/flickr_wild_000124.jpg,6
wild/flickr_wild_000126.jpg,6
wild/flickr_wild_000127.jpg,6
wild/flickr_wild_000130.jpg,6
wild/flickr_wild_000131.jpg,6
wild/flickr_wild_000132.jpg,6
wild/flickr_wild_000134.jpg,6
wild/flickr_wild_000136.jpg,6
wild/flickr_wild_000137.jpg,6
wild/flickr_wild_000138.jpg,6
wild/flickr_wild_000139.jpg,6
wild/flickr_wild_000140.jpg,6
wild/flickr_wild_000141.jpg,6
wild/flickr_wild_000142.jpg,6
wild/flickr_wild_000143.jpg,6
wild/flickr_wild_000145.jpg,0
wild/flickr_wild_000146.jpg,6
wild/flickr_wild_000148.jpg,6
wild/flickr_wild_000150.jpg,6
wild/flickr_wild_000151.jpg,6
wild/flickr_wild_000152.jpg,6
wild/flickr_wild_000153.jpg,6
wild/flickr_wild_000154.jpg,6
wild/flickr_wild_000155.jpg,6
wild/flickr_wild_000156.jpg,6
wild/flickr_wild_000157.jpg,6
wild/flickr_wild_000158.jpg,6
wild/flickr_wild_000159.jpg,6
wild/flickr_wild_000160.jpg,6
wild/flickr_wild_000161.jpg,6
wild/flickr_wild_000162.jpg,6
wild/flickr_wild_000163.jpg,6
wild/flickr_wild_000164.jpg,6
wild/flickr_wild_000165.jpg,6
wild/flickr_wild_000166.jpg,6
wild/flickr_wild_000167.jpg,6
wild/flickr_wild_000168.jpg,6
wild/flickr_wild_000169.jpg,6
wild/flickr_wild_000170.jpg,6
wild/flickr_wild_000171.jpg,6
wild/flickr_wild_000172.jpg,6
wild/flickr_wild_000173.jpg,6
wild/flickr_wild_000174.jpg,6
wild/flickr_wild_000175.jpg,6
wild/flickr_wild_000176.jpg,6
wild/flickr_wild_000177.jpg,6
wild/flickr_wild_000178.jpg,6
wild/flickr_wild_000179.jpg,6
wild/flickr_wild_000180.jpg,6
wild/flickr_wild_000181.jpg,6
wild/flickr_wild_000182.jpg,6
wild/flickr_wild_000183.jpg,6
wild/flickr_wild_000184.jpg,6
wild/flickr_wild_000185.jpg,6
wild/flickr_wild_000186.jpg,6
wild/flickr_wild_000188.jpg,6
wild/flickr_wild_000189.jpg,6
wild/flickr_wild_000190.jpg,6
wild/flickr_wild_000191.jpg,6
wild/flickr_wild_000193.jpg,6
wild/flickr_wild_000195.jpg,6
wild/flickr_wild_000196.jpg,6
wild/flickr_wild_000197.jpg,6
wild/flickr_wild_000198.jpg,6
wild/flickr_wild_000199.jpg,6
wild/flickr_wild_000200.jpg,6
wild/flickr_wild_000201.jpg,6
wild/flickr_wild_000202.jpg,6
wild/flickr_wild_000203.jpg,6
wild/flickr_wild_000204.jpg,6
wild/flickr_wild_000205.jpg,6
wild/flickr_wild_000207.jpg,6
wild/flickr_wild_000208.jpg,6
wild/flickr_wild_000209.jpg,6
wild/flickr_wild_000210.jpg,6
wild/flickr_wild_000212.jpg,6
wild/flickr_wild_000213.jpg,6
wild/flickr_wild_000214.jpg,6
wild/flickr_wild_000215.jpg,6
wild/flickr_wild_000216.jpg,6
wild/flickr_wild_000217.jpg,6
wild/flickr_wild_000218.jpg,6
wild/flickr_wild_000219.jpg,6
wild/flickr_wild_000220.jpg,6
wild/flickr_wild_000221.jpg,6
wild/flickr_wild_000222.jpg,6
wild/flickr_wild_000223.jpg,6
wild/flickr_wild_000224.jpg,6
wild/flickr_wild_000226.jpg,6
wild/flickr_wild_000227.jpg,6
wild/flickr_wild_000228.jpg,6
wild/flickr_wild_000229.jpg,6
wild/flickr_wild_000230.jpg,6
wild/flickr_wild_000231.jpg,6
wild/flickr_wild_000232.jpg,6
wild/flickr_wild_000233.jpg,6
wild/flickr_wild_000234.jpg,6
wild/flickr_wild_000235.jpg,6
wild/flickr_wild_000236.jpg,6
wild/flickr_wild_000237.jpg,6
wild/flickr_wild_000238.jpg,6
wild/flickr_wild_000239.jpg,6
wild/flickr_wild_000240.jpg,6
wild/flickr_wild_000241.jpg,6
wild/flickr_wild_000242.jpg,6
wild/flickr_wild_000243.jpg,6
wild/flickr_wild_000244.jpg,6
wild/flickr_wild_000245.jpg,6
wild/flickr_wild_000246.jpg,6
wild/flickr_wild_000247.jpg,6
wild/flickr_wild_000248.jpg,6
wild/flickr_wild_000249.jpg,6
wild/flickr_wild_000250.jpg,6
wild/flickr_wild_000251.jpg,6
wild/flickr_wild_000253.jpg,6
wild/flickr_wild_000254.jpg,6
wild/flickr_wild_000255.jpg,6
wild/flickr_wild_000256.jpg,6
wild/flickr_wild_000258.jpg,6
wild/flickr_wild_000259.jpg,6
wild/flickr_wild_000260.jpg,6
wild/flickr_wild_000261.jpg,6
wild/flickr_wild_000262.jpg,6
wild/flickr_wild_000263.jpg,6
wild/flickr_wild_000264.jpg,6
wild/flickr_wild_000265.jpg,6
wild/flickr_wild_000266.jpg,6
wild/flickr_wild_000268.jpg,6
wild/flickr_wild_000269.jpg,6
wild/flickr_wild_000270.jpg,6
wild/flickr_wild_000271.jpg,6
wild/flickr_wild_000272.jpg,6
wild/flickr_wild_000273.jpg,6
wild/flickr_wild_000274.jpg,2
wild/flickr_wild_000275.jpg,2
wild/flickr_wild_000276.jpg,2
wild/flickr_wild_000277.jpg,2
wild/flickr_wild_000278.jpg,2
wild/flickr_wild_000279.jpg,2
wild/flickr_wild_000280.jpg,2
wild/flickr_wild_000281.jpg,2
wild/flickr_wild_000282.jpg,2
wild/flickr_wild_000283.jpg,2
wild/flickr_wild_000284.jpg,2
wild/flickr_wild_000285.jpg,2
wild/flickr_wild_000287.jpg,2
wild/flickr_wild_000288.jpg,2
wild/flickr_wild_000289.jpg,2
wild/flickr_wild_000290.jpg,2
wild/flickr_wild_000291.jpg,2
wild/flickr_wild_000292.jpg,2
wild/flickr_wild_000293.jpg,2
wild/flickr_wild_000294.jpg,2
wild/flickr_wild_000295.jpg,2
wild/flickr_wild_000296.jpg,2
wild/flickr_wild_000297.jpg,2
wild/flickr_wild_000298.jpg,2
wild/flickr_wild_000299.jpg,2
wild/flickr_wild_000300.jpg,2
wild/flickr_wild_000301.jpg,2
wild/flickr_wild_000303.jpg,2
wild/flickr_wild_000304.jpg,2
wild/flickr_wild_000305.jpg,2
wild/flickr_wild_000307.jpg,2
wild/flickr_wild_000308.jpg,2
wild/flickr_wild_000309.jpg,2
wild/flickr_wild_000310.jpg,2
wild/flickr_wild_000311.jpg,2
wild/flickr_wild_000312.jpg,2
wild/flickr_wild_000313.jpg,2
wild/flickr_wild_000315.jpg,2
wild/flickr_wild_000316.jpg,2
wild/flickr_wild_000317.jpg,2
wild/flickr_wild_000318.jpg,2
wild/flickr_wild_000319.jpg,2
wild/flickr_wild_000320.jpg,2
wild/flickr_wild_000321.jpg,2
wild/flickr_wild_000322.jpg,2
wild/flickr_wild_000323.jpg,2
wild/flickr_wild_000324.jpg,2
wild/flickr_wild_000325.jpg,2
wild/flickr_wild_000326.jpg,2
wild/flickr_wild_000327.jpg,2
wild/flickr_wild_000328.jpg,2
wild/flickr_wild_000329.jpg,2
wild/flickr_wild_000330.jpg,2
wild/flickr_wild_000331.jpg,2
wild/flickr_wild_000332.jpg,2
wild/flickr_wild_000333.jpg,2
wild/flickr_wild_000334.jpg,2
wild/flickr_wild_000335.jpg,2
wild/flickr_wild_000336.jpg,2
wild/flickr_wild_000337.jpg,2
wild/flickr_wild_000338.jpg,2
wild/flickr_wild_000339.jpg,2
wild/flickr_wild_000340.jpg,2
wild/flickr_wild_000341.jpg,2
wild/flickr_wild_000342.jpg,2
wild/flickr_wild_000343.jpg,2
wild/flickr_wild_000344.jpg,2
wild/flickr_wild_000345.jpg,2
wild/flickr_wild_000346.jpg,2
wild/flickr_wild_000347.jpg,2
wild/flickr_wild_000348.jpg,2
wild/flickr_wild_000349.jpg,2
wild/flickr_wild_000350.jpg,2
wild/flickr_wild_000351.jpg,2
wild/flickr_wild_000352.jpg,2
wild/flickr_wild_000353.jpg,2
wild/flickr_wild_000355.jpg,2
wild/flickr_wild_000356.jpg,2
wild/flickr_wild_000357.jpg,2
wild/flickr_wild_000358.jpg,2
wild/flickr_wild_000359.jpg,2
wild/flickr_wild_000362.jpg,2
wild/flickr_wild_000363.jpg,2
wild/flickr_wild_000364.jpg,2
wild/flickr_wild_000365.jpg,2
wild/flickr_wild_000366.jpg,2
wild/flickr_wild_000367.jpg,2
wild/flickr_wild_000368.jpg,2
wild/flickr_wild_000369.jpg,2
wild/flickr_wild_000370.jpg,2
wild/flickr_wild_000371.jpg,2
wild/flickr_wild_000372.jpg,2
wild/flickr_wild_000374.jpg,2
wild/flickr_wild_000376.jpg,2
wild/flickr_wild_000377.jpg,2
wild/flickr_wild_000378.jpg,2
wild/flickr_wild_000380.jpg,2
wild/flickr_wild_000381.jpg,2
wild/flickr_wild_000383.jpg,2
wild/flickr_wild_000384.jpg,2
wild/flickr_wild_000385.jpg,2
wild/flickr_wild_000386.jpg,2
wild/flickr_wild_000387.jpg,2
wild/flickr_wild_000388.jpg,2
wild/flickr_wild_000389.jpg,2
wild/flickr_wild_000390.jpg,2
wild/flickr_wild_000391.jpg,2
wild/flickr_wild_000392.jpg,2
wild/flickr_wild_000393.jpg,2
wild/flickr_wild_000394.jpg,2
wild/flickr_wild_000395.jpg,2
wild/flickr_wild_000396.jpg,2
wild/flickr_wild_000398.jpg,2
wild/flickr_wild_000399.jpg,2
wild/flickr_wild_000400.jpg,2
wild/flickr_wild_000401.jpg,2
wild/flickr_wild_000402.jpg,2
wild/flickr_wild_000403.jpg,2
wild/flickr_wild_000404.jpg,2
wild/flickr_wild_000405.jpg,2
wild/flickr_wild_000407.jpg,2
wild/flickr_wild_000408.jpg,2
wild/flickr_wild_000410.jpg,2
wild/flickr_wild_000412.jpg,2
wild/flickr_wild_000413.jpg,2
wild/flickr_wild_000414.jpg,2
wild/flickr_wild_000415.jpg,2
wild/flickr_wild_000416.jpg,2
wild/flickr_wild_000417.jpg,2
wild/flickr_wild_000421.jpg,2
wild/flickr_wild_000422.jpg,2
wild/flickr_wild_000423.jpg,2
wild/flickr_wild_000424.jpg,2
wild/flickr_wild_000425.jpg,2
wild/flickr_wild_000426.jpg,2
wild/flickr_wild_000427.jpg,2
wild/flickr_wild_000429.jpg,2
wild/flickr_wild_000430.jpg,2
wild/flickr_wild_000431.jpg,2
wild/flickr_wild_000433.jpg,2
wild/flickr_wild_000434.jpg,2
wild/flickr_wild_000435.jpg,2
wild/flickr_wild_000436.jpg,2
wild/flickr_wild_000437.jpg,2
wild/flickr_wild_000438.jpg,2
wild/flickr_wild_000439.jpg,2
wild/flickr_wild_000440.jpg,2
wild/flickr_wild_000442.jpg,2
wild/flickr_wild_000443.jpg,2
wild/flickr_wild_000444.jpg,2
wild/flickr_wild_000445.jpg,2
wild/flickr_wild_000446.jpg,2
wild/flickr_wild_000447.jpg,2
wild/flickr_wild_000448.jpg,2
wild/flickr_wild_000449.jpg,2
wild/flickr_wild_000450.jpg,2
wild/flickr_wild_000451.jpg,2
wild/flickr_wild_000452.jpg,2
wild/flickr_wild_000453.jpg,2
wild/flickr_wild_000454.jpg,2
wild/flickr_wild_000455.jpg,2
wild/flickr_wild_000456.jpg,2
wild/flickr_wild_000457.jpg,2
wild/flickr_wild_000458.jpg,2
wild/flickr_wild_000459.jpg,2
wild/flickr_wild_000460.jpg,2
wild/flickr_wild_000461.jpg,2
wild/flickr_wild_000462.jpg,2
wild/flickr_wild_000463.jpg,2
wild/flickr_wild_000464.jpg,2
wild/flickr_wild_000465.jpg,2
wild/flickr_wild_000466.jpg,2
wild/flickr_wild_000467.jpg,2
wild/flickr_wild_000468.jpg,6
wild/flickr_wild_000469.jpg,6
wild/flickr_wild_000471.jpg,6
wild/flickr_wild_000472.jpg,0
wild/flickr_wild_000473.jpg,6
wild/flickr_wild_000474.jpg,6
wild/flickr_wild_000475.jpg,6
wild/flickr_wild_000476.jpg,6
wild/flickr_wild_000477.jpg,6
wild/flickr_wild_000478.jpg,6
wild/flickr_wild_000479.jpg,6
wild/flickr_wild_000480.jpg,6
wild/flickr_wild_000481.jpg,6
wild/flickr_wild_000482.jpg,6
wild/flickr_wild_000483.jpg,6
wild/flickr_wild_000484.jpg,6
wild/flickr_wild_000485.jpg,6
wild/flickr_wild_000486.jpg,6
wild/flickr_wild_000487.jpg,6
wild/flickr_wild_000488.jpg,6
wild/flickr_wild_000489.jpg,6
wild/flickr_wild_000490.jpg,6
wild/flickr_wild_000491.jpg,6
wild/flickr_wild_000492.jpg,6
wild/flickr_wild_000493.jpg,6
wild/flickr_wild_000494.jpg,6
wild/flickr_wild_000495.jpg,6
wild/flickr_wild_000496.jpg,6
wild/flickr_wild_000497.jpg,6
wild/flickr_wild_000499.jpg,6
wild/flickr_wild_000500.jpg,6
wild/flickr_wild_000501.jpg,6
wild/flickr_wild_000502.jpg,6
wild/flickr_wild_000503.jpg,6
wild/flickr_wild_000505.jpg,6
wild/flickr_wild_000507.jpg,6
wild/flickr_wild_000508.jpg,6
wild/flickr_wild_000509.jpg,6
wild/flickr_wild_000510.jpg,6
wild/flickr_wild_000511.jpg,6
wild/flickr_wild_000512.jpg,6
wild/flickr_wild_000513.jpg,6
wild/flickr_wild_000514.jpg,6
wild/flickr_wild_000515.jpg,6
wild/flickr_wild_000516.jpg,6
wild/flickr_wild_000518.jpg,6
wild/flickr_wild_000519.jpg,6
wild/flickr_wild_000520.jpg,6
wild/flickr_wild_000522.jpg,0
wild/flickr_wild_000523.jpg,6
wild/flickr_wild_000525.jpg,6
wild/flickr_wild_000528.jpg,6
wild/flickr_wild_000529.jpg,6
wild/flickr_wild_000530.jpg,6
wild/flickr_wild_000531.jpg,6
wild/flickr_wild_000532.jpg,6
wild/flickr_wild_000533.jpg,6
wild/flickr_wild_000534.jpg,6
wild/flickr_wild_000536.jpg,6
wild/flickr_wild_000537.jpg,6
wild/flickr_wild_000538.jpg,6
wild/flickr_wild_000539.jpg,6
wild/flickr_wild_000540.jpg,6
wild/flickr_wild_000541.jpg,6
wild/flickr_wild_000542.jpg,0
wild/flickr_wild_000543.jpg,6
wild/flickr_wild_000544.jpg,6
wild/flickr_wild_000545.jpg,6
wild/flickr_wild_000546.jpg,6
wild/flickr_wild_000547.jpg,6
wild/flickr_wild_000548.jpg,6
wild/flickr_wild_000549.jpg,6
wild/flickr_wild_000550.jpg,6
wild/flickr_wild_000551.jpg,6
wild/flickr_wild_000552.jpg,6
wild/flickr_wild_000553.jpg,6
wild/flickr_wild_000554.jpg,6
wild/flickr_wild_000555.jpg,2
wild/flickr_wild_000556.jpg,2
wild/flickr_wild_000558.jpg,2
wild/flickr_wild_000559.jpg,2
wild/flickr_wild_000561.jpg,2
wild/flickr_wild_000562.jpg,2
wild/flickr_wild_000563.jpg,2
wild/flickr_wild_000564.jpg,2
wild/flickr_wild_000565.jpg,2
wild/flickr_wild_000566.jpg,2
wild/flickr_wild_000567.jpg,2
wild/flickr_wild_000569.jpg,2
wild/flickr_wild_000570.jpg,2
wild/flickr_wild_000571.jpg,2
wild/flickr_wild_000572.jpg,2
wild/flickr_wild_000573.jpg,2
wild/flickr_wild_000574.jpg,2
wild/flickr_wild_000575.jpg,2
wild/flickr_wild_000576.jpg,2
wild/flickr_wild_000577.jpg,2
wild/flickr_wild_000578.jpg,2
wild/flickr_wild_000579.jpg,2
wild/flickr_wild_000580.jpg,2
wild/flickr_wild_000581.jpg,2
wild/flickr_wild_000582.jpg,2
wild/flickr_wild_000583.jpg,2
wild/flickr_wild_000584.jpg,2
wild/flickr_wild_000585.jpg,2
wild/flickr_wild_000586.jpg,2
wild/flickr_wild_000587.jpg,2
wild/flickr_wild_000588.jpg,2
wild/flickr_wild_000589.jpg,2
wild/flickr_wild_000590.jpg,2
wild/flickr_wild_000591.jpg,2
wild/flickr_wild_000592.jpg,2
wild/flickr_wild_000593.jpg,2
wild/flickr_wild_000594.jpg,2
wild/flickr_wild_000595.jpg,2
wild/flickr_wild_000596.jpg,2
wild/flickr_wild_000597.jpg,2
wild/flickr_wild_000598.jpg,2
wild/flickr_wild_000600.jpg,2
wild/flickr_wild_000601.jpg,2
wild/flickr_wild_000602.jpg,2
wild/flickr_wild_000604.jpg,2
wild/flickr_wild_000605.jpg,2
wild/flickr_wild_000606.jpg,2
wild/flickr_wild_000608.jpg,2
wild/flickr_wild_000610.jpg,2
wild/flickr_wild_000611.jpg,2
wild/flickr_wild_000612.jpg,2
wild/flickr_wild_000613.jpg,2
wild/flickr_wild_000614.jpg,2
wild/flickr_wild_000615.jpg,2
wild/flickr_wild_000616.jpg,2
wild/flickr_wild_000617.jpg,2
wild/flickr_wild_000618.jpg,2
wild/flickr_wild_000619.jpg,2
wild/flickr_wild_000620.jpg,2
wild/flickr_wild_000621.jpg,2
wild/flickr_wild_000622.jpg,2
wild/flickr_wild_000623.jpg,2
wild/flickr_wild_000624.jpg,2
wild/flickr_wild_000625.jpg,2
wild/flickr_wild_000626.jpg,2
wild/flickr_wild_000627.jpg,2
wild/flickr_wild_000630.jpg,2
wild/flickr_wild_000631.jpg,2
wild/flickr_wild_000633.jpg,2
wild/flickr_wild_000635.jpg,2
wild/flickr_wild_000636.jpg,2
wild/flickr_wild_000637.jpg,2
wild/flickr_wild_000638.jpg,2
wild/flickr_wild_000639.jpg,2
wild/flickr_wild_000640.jpg,2
wild/flickr_wild_000641.jpg,2
wild/flickr_wild_000642.jpg,2
wild/flickr_wild_000643.jpg,2
wild/flickr_wild_000644.jpg,2
wild/flickr_wild_000645.jpg,2
wild/flickr_wild_000646.jpg,2
wild/flickr_wild_000647.jpg,2
wild/flickr_wild_000648.jpg,2
wild/flickr_wild_000649.jpg,2
wild/flickr_wild_000650.jpg,2
wild/flickr_wild_000651.jpg,2
wild/flickr_wild_000652.jpg,2
wild/flickr_wild_000653.jpg,2
wild/flickr_wild_000654.jpg,2
wild/flickr_wild_000655.jpg,2
wild/flickr_wild_000656.jpg,2
wild/flickr_wild_000657.jpg,2
wild/flickr_wild_000658.jpg,2
wild/flickr_wild_000659.jpg,2
wild/flickr_wild_000660.jpg,2
wild/flickr_wild_000661.jpg,2
wild/flickr_wild_000663.jpg,2
wild/flickr_wild_000664.jpg,2
wild/flickr_wild_000665.jpg,2
wild/flickr_wild_000666.jpg,2
wild/flickr_wild_000667.jpg,2
wild/flickr_wild_000668.jpg,2
wild/flickr_wild_000669.jpg,2
wild/flickr_wild_000670.jpg,2
wild/flickr_wild_000671.jpg,2
wild/flickr_wild_000672.jpg,2
wild/flickr_wild_000673.jpg,2
wild/flickr_wild_000674.jpg,2
wild/flickr_wild_000675.jpg,2
wild/flickr_wild_000676.jpg,2
wild/flickr_wild_000677.jpg,2
wild/flickr_wild_000678.jpg,2
wild/flickr_wild_000679.jpg,2
wild/flickr_wild_000680.jpg,2
wild/flickr_wild_000681.jpg,2
wild/flickr_wild_000682.jpg,2
wild/flickr_wild_000683.jpg,2
wild/flickr_wild_000684.jpg,2
wild/flickr_wild_000686.jpg,2
wild/flickr_wild_000687.jpg,2
wild/flickr_wild_000688.jpg,2
wild/flickr_wild_000689.jpg,2
wild/flickr_wild_000691.jpg,2
wild/flickr_wild_000692.jpg,2
wild/flickr_wild_000693.jpg,2
wild/flickr_wild_000694.jpg,2
wild/flickr_wild_000695.jpg,2
wild/flickr_wild_000696.jpg,2
wild/flickr_wild_000697.jpg,2
wild/flickr_wild_000698.jpg,2
wild/flickr_wild_000701.jpg,2
wild/flickr_wild_000702.jpg,2
wild/flickr_wild_000703.jpg,2
wild/flickr_wild_000704.jpg,2
wild/flickr_wild_000705.jpg,2
wild/flickr_wild_000706.jpg,2
wild/flickr_wild_000707.jpg,2
wild/flickr_wild_000708.jpg,2
wild/flickr_wild_000709.jpg,2
wild/flickr_wild_000710.jpg,2
wild/flickr_wild_000713.jpg,2
wild/flickr_wild_000714.jpg,2
wild/flickr_wild_000715.jpg,2
wild/flickr_wild_000716.jpg,2
wild/flickr_wild_000717.jpg,2
wild/flickr_wild_000718.jpg,2
wild/flickr_wild_000719.jpg,2
wild/flickr_wild_000720.jpg,2
wild/flickr_wild_000721.jpg,2
wild/flickr_wild_000722.jpg,2
wild/flickr_wild_000723.jpg,2
wild/flickr_wild_000724.jpg,2
wild/flickr_wild_000725.jpg,2
wild/flickr_wild_000726.jpg,2
wild/flickr_wild_000727.jpg,2
wild/flickr_wild_000728.jpg,2
wild/flickr_wild_000730.jpg,2
wild/flickr_wild_000732.jpg,2
wild/flickr_wild_000733.jpg,2
wild/flickr_wild_000734.jpg,2
wild/flickr_wild_000735.jpg,2
wild/flickr_wild_000736.jpg,2
wild/flickr_wild_000737.jpg,2
wild/flickr_wild_000739.jpg,2
wild/flickr_wild_000740.jpg,2
wild/flickr_wild_000741.jpg,2
wild/flickr_wild_000742.jpg,2
wild/flickr_wild_000743.jpg,2
wild/flickr_wild_000744.jpg,2
wild/flickr_wild_000745.jpg,2
wild/flickr_wild_000746.jpg,2
wild/flickr_wild_000747.jpg,2
wild/flickr_wild_000748.jpg,2
wild/flickr_wild_000749.jpg,2
wild/flickr_wild_000750.jpg,2
wild/flickr_wild_000751.jpg,2
wild/flickr_wild_000753.jpg,2
wild/flickr_wild_000754.jpg,2
wild/flickr_wild_000755.jpg,2
wild/flickr_wild_000756.jpg,2
wild/flickr_wild_000757.jpg,2
wild/flickr_wild_000758.jpg,2
wild/flickr_wild_000759.jpg,2
wild/flickr_wild_000760.jpg,2
wild/flickr_wild_000761.jpg,2
wild/flickr_wild_000762.jpg,2
wild/flickr_wild_000763.jpg,2
wild/flickr_wild_000764.jpg,2
wild/flickr_wild_000765.jpg,2
wild/flickr_wild_000766.jpg,2
wild/flickr_wild_000767.jpg,2
wild/flickr_wild_000768.jpg,2
wild/flickr_wild_000769.jpg,2
wild/flickr_wild_000770.jpg,2
wild/flickr_wild_000772.jpg,2
wild/flickr_wild_000773.jpg,2
wild/flickr_wild_000774.jpg,2
wild/flickr_wild_000775.jpg,2
wild/flickr_wild_000776.jpg,2
wild/flickr_wild_000777.jpg,2
wild/flickr_wild_000778.jpg,2
wild/flickr_wild_000779.jpg,2
wild/flickr_wild_000780.jpg,2
wild/flickr_wild_000781.jpg,2
wild/flickr_wild_000782.jpg,2
wild/flickr_wild_000783.jpg,2
wild/flickr_wild_000784.jpg,2
wild/flickr_wild_000785.jpg,6
wild/flickr_wild_000786.jpg,2
wild/flickr_wild_000787.jpg,2
wild/flickr_wild_000788.jpg,2
wild/flickr_wild_000789.jpg,2
wild/flickr_wild_000790.jpg,2
wild/flickr_wild_000791.jpg,2
wild/flickr_wild_000792.jpg,2
wild/flickr_wild_000793.jpg,2
wild/flickr_wild_000794.jpg,2
wild/flickr_wild_000795.jpg,2
wild/flickr_wild_000796.jpg,2
wild/flickr_wild_000797.jpg,2
wild/flickr_wild_000798.jpg,2
wild/flickr_wild_000799.jpg,2
wild/flickr_wild_000800.jpg,2
wild/flickr_wild_000801.jpg,2
wild/flickr_wild_000802.jpg,2
wild/flickr_wild_000803.jpg,2
wild/flickr_wild_000804.jpg,2
wild/flickr_wild_000805.jpg,2
wild/flickr_wild_000806.jpg,2
wild/flickr_wild_000807.jpg,2
wild/flickr_wild_000808.jpg,2
wild/flickr_wild_000809.jpg,2
wild/flickr_wild_000810.jpg,2
wild/flickr_wild_000811.jpg,2
wild/flickr_wild_000812.jpg,2
wild/flickr_wild_000813.jpg,2
wild/flickr_wild_000815.jpg,2
wild/flickr_wild_000816.jpg,2
wild/flickr_wild_000817.jpg,2
wild/flickr_wild_000818.jpg,2
wild/flickr_wild_000819.jpg,2
wild/flickr_wild_000820.jpg,2
wild/flickr_wild_000821.jpg,2
wild/flickr_wild_000822.jpg,2
wild/flickr_wild_000823.jpg,2
wild/flickr_wild_000824.jpg,2
wild/flickr_wild_000825.jpg,2
wild/flickr_wild_000826.jpg,2
wild/flickr_wild_000827.jpg,2
wild/flickr_wild_000828.jpg,2
wild/flickr_wild_000829.jpg,2
wild/flickr_wild_000830.jpg,2
wild/flickr_wild_000831.jpg,3
wild/flickr_wild_000832.jpg,3
wild/flickr_wild_000834.jpg,3
wild/flickr_wild_000835.jpg,3
wild/flickr_wild_000837.jpg,3
wild/flickr_wild_000838.jpg,3
wild/flickr_wild_000839.jpg,3
wild/flickr_wild_000840.jpg,3
wild/flickr_wild_000841.jpg,3
wild/flickr_wild_000842.jpg,3
wild/flickr_wild_000843.jpg,3
wild/flickr_wild_000844.jpg,3
wild/flickr_wild_000845.jpg,3
wild/flickr_wild_000846.jpg,3
wild/flickr_wild_000847.jpg,3
wild/flickr_wild_000848.jpg,3
wild/flickr_wild_000849.jpg,3
wild/flickr_wild_000850.jpg,3
wild/flickr_wild_000851.jpg,3
wild/flickr_wild_000852.jpg,3
wild/flickr_wild_000853.jpg,3
wild/flickr_wild_000854.jpg,3
wild/flickr_wild_000856.jpg,3
wild/flickr_wild_000857.jpg,3
wild/flickr_wild_000858.jpg,3
wild/flickr_wild_000859.jpg,3
wild/flickr_wild_000860.jpg,3
wild/flickr_wild_000861.jpg,3
wild/flickr_wild_000862.jpg,3
wild/flickr_wild_000863.jpg,3
wild/flickr_wild_000864.jpg,3
wild/flickr_wild_000865.jpg,3
wild/flickr_wild_000866.jpg,3
wild/flickr_wild_000867.jpg,3
wild/flickr_wild_000868.jpg,3
wild/flickr_wild_000869.jpg,3
wild/flickr_wild_000871.jpg,3
wild/flickr_wild_000872.jpg,3
wild/flickr_wild_000873.jpg,3
wild/flickr_wild_000874.jpg,3
wild/flickr_wild_000875.jpg,3
wild/flickr_wild_000876.jpg,3
wild/flickr_wild_000877.jpg,3
wild/flickr_wild_000878.jpg,3
wild/flickr_wild_000879.jpg,3
wild/flickr_wild_000880.jpg,3
wild/flickr_wild_000881.jpg,3
wild/flickr_wild_000882.jpg,3
wild/flickr_wild_000883.jpg,3
wild/flickr_wild_000884.jpg,3
wild/flickr_wild_000885.jpg,3
wild/flickr_wild_000886.jpg,3
wild/flickr_wild_000887.jpg,3
wild/flickr_wild_000888.jpg,3
wild/flickr_wild_000889.jpg,3
wild/flickr_wild_000890.jpg,3
wild/flickr_wild_000891.jpg,3
wild/flickr_wild_000892.jpg,3
wild/flickr_wild_000893.jpg,3
wild/flickr_wild_000894.jpg,3
wild/flickr_wild_000895.jpg,3
wild/flickr_wild_000896.jpg,3
wild/flickr_wild_000897.jpg,3
wild/flickr_wild_000899.jpg,3
wild/flickr_wild_000900.jpg,3
wild/flickr_wild_000901.jpg,3
wild/flickr_wild_000902.jpg,3
wild/flickr_wild_000903.jpg,3
wild/flickr_wild_000904.jpg,3
wild/flickr_wild_000905.jpg,3
wild/flickr_wild_000906.jpg,3
wild/flickr_wild_000907.jpg,3
wild/flickr_wild_000908.jpg,3
wild/flickr_wild_000909.jpg,3
wild/flickr_wild_000910.jpg,3
wild/flickr_wild_000911.jpg,3
wild/flickr_wild_000912.jpg,3
wild/flickr_wild_000913.jpg,3
wild/flickr_wild_000914.jpg,3
wild/flickr_wild_000915.jpg,3
wild/flickr_wild_000916.jpg,3
wild/flickr_wild_000917.jpg,3
wild/flickr_wild_000918.jpg,3
wild/flickr_wild_000919.jpg,3
wild/flickr_wild_000920.jpg,3
wild/flickr_wild_000921.jpg,3
wild/flickr_wild_000922.jpg,3
wild/flickr_wild_000924.jpg,3
wild/flickr_wild_000925.jpg,3
wild/flickr_wild_000926.jpg,3
wild/flickr_wild_000927.jpg,3
wild/flickr_wild_000928.jpg,3
wild/flickr_wild_000930.jpg,3
wild/flickr_wild_000931.jpg,3
wild/flickr_wild_000933.jpg,3
wild/flickr_wild_000934.jpg,3
wild/flickr_wild_000935.jpg,3
wild/flickr_wild_000936.jpg,3
wild/flickr_wild_000937.jpg,3
wild/flickr_wild_000938.jpg,3
wild/flickr_wild_000939.jpg,3
wild/flickr_wild_000940.jpg,3
wild/flickr_wild_000941.jpg,3
wild/flickr_wild_000943.jpg,3
wild/flickr_wild_000944.jpg,3
wild/flickr_wild_000945.jpg,3
wild/flickr_wild_000947.jpg,3
wild/flickr_wild_000948.jpg,3
wild/flickr_wild_000949.jpg,3
wild/flickr_wild_000950.jpg,3
wild/flickr_wild_000951.jpg,3
wild/flickr_wild_000952.jpg,3
wild/flickr_wild_000953.jpg,3
wild/flickr_wild_000954.jpg,3
wild/flickr_wild_000955.jpg,3
wild/flickr_wild_000956.jpg,3
wild/flickr_wild_000957.jpg,3
wild/flickr_wild_000958.jpg,3
wild/flickr_wild_000959.jpg,3
wild/flickr_wild_000960.jpg,3
wild/flickr_wild_000961.jpg,3
wild/flickr_wild_000962.jpg,3
wild/flickr_wild_000963.jpg,3
wild/flickr_wild_000964.jpg,3
wild/flickr_wild_000965.jpg,3
wild/flickr_wild_000966.jpg,3
wild/flickr_wild_000967.jpg,3
wild/flickr_wild_000968.jpg,3
wild/flickr_wild_000969.jpg,3
wild/flickr_wild_000970.jpg,3
wild/flickr_wild_000971.jpg,3
wild/flickr_wild_000972.jpg,3
wild/flickr_wild_000973.jpg,3
wild/flickr_wild_000974.jpg,3
wild/flickr_wild_000975.jpg,3
wild/flickr_wild_000976.jpg,3
wild/flickr_wild_000977.jpg,3
wild/flickr_wild_000978.jpg,3
wild/flickr_wild_000979.jpg,3
wild/flickr_wild_000980.jpg,3
wild/flickr_wild_000981.jpg,3
wild/flickr_wild_000982.jpg,3
wild/flickr_wild_000983.jpg,3
wild/flickr_wild_000984.jpg,3
wild/flickr_wild_000985.jpg,3
wild/flickr_wild_000986.jpg,3
wild/flickr_wild_000987.jpg,3
wild/flickr_wild_000989.jpg,3
wild/flickr_wild_000990.jpg,3
wild/flickr_wild_000991.jpg,3
wild/flickr_wild_000992.jpg,3
wild/flickr_wild_000993.jpg,3
wild/flickr_wild_000994.jpg,3
wild/flickr_wild_000995.jpg,3
wild/flickr_wild_000996.jpg,3
wild/flickr_wild_000997.jpg,3
wild/flickr_wild_000998.jpg,3
wild/flickr_wild_000999.jpg,3
wild/flickr_wild_001000.jpg,3
wild/flickr_wild_001001.jpg,3
wild/flickr_wild_001002.jpg,3
wild/flickr_wild_001004.jpg,3
wild/flickr_wild_001005.jpg,3
wild/flickr_wild_001006.jpg,3
wild/flickr_wild_001007.jpg,3
wild/flickr_wild_001008.jpg,3
wild/flickr_wild_001009.jpg,3
wild/flickr_wild_001010.jpg,3
wild/flickr_wild_001011.jpg,3
wild/flickr_wild_001012.jpg,3
wild/flickr_wild_001013.jpg,3
wild/flickr_wild_001014.jpg,3
wild/flickr_wild_001015.jpg,3
wild/flickr_wild_001016.jpg,3
wild/flickr_wild_001017.jpg,3
wild/flickr_wild_001018.jpg,3
wild/flickr_wild_001019.jpg,3
wild/flickr_wild_001020.jpg,3
wild/flickr_wild_001021.jpg,3
wild/flickr_wild_001022.jpg,3
wild/flickr_wild_001023.jpg,3
wild/flickr_wild_001024.jpg,3
wild/flickr_wild_001025.jpg,3
wild/flickr_wild_001026.jpg,3
wild/flickr_wild_001027.jpg,3
wild/flickr_wild_001028.jpg,3
wild/flickr_wild_001029.jpg,3
wild/flickr_wild_001030.jpg,3
wild/flickr_wild_001031.jpg,3
wild/flickr_wild_001032.jpg,3
wild/flickr_wild_001033.jpg,3
wild/flickr_wild_001034.jpg,3
wild/flickr_wild_001035.jpg,3
wild/flickr_wild_001036.jpg,3
wild/flickr_wild_001038.jpg,3
wild/flickr_wild_001039.jpg,3
wild/flickr_wild_001040.jpg,3
wild/flickr_wild_001041.jpg,3
wild/flickr_wild_001042.jpg,3
wild/flickr_wild_001044.jpg,3
wild/flickr_wild_001045.jpg,3
wild/flickr_wild_001046.jpg,3
wild/flickr_wild_001047.jpg,3
wild/flickr_wild_001048.jpg,3
wild/flickr_wild_001049.jpg,3
wild/flickr_wild_001051.jpg,3
wild/flickr_wild_001052.jpg,3
wild/flickr_wild_001054.jpg,3
wild/flickr_wild_001055.jpg,3
wild/flickr_wild_001056.jpg,3
wild/flickr_wild_001057.jpg,3
wild/flickr_wild_001058.jpg,3
wild/flickr_wild_001059.jpg,3
wild/flickr_wild_001060.jpg,3
wild/flickr_wild_001061.jpg,3
wild/flickr_wild_001062.jpg,3
wild/flickr_wild_001063.jpg,3
wild/flickr_wild_001064.jpg,3
wild/flickr_wild_001065.jpg,3
wild/flickr_wild_001066.jpg,3
wild/flickr_wild_001067.jpg,3
wild/flickr_wild_001068.jpg,3
wild/flickr_wild_001069.jpg,3
wild/flickr_wild_001070.jpg,3
wild/flickr_wild_001071.jpg,3
wild/flickr_wild_001072.jpg,3
wild/flickr_wild_001073.jpg,3
wild/flickr_wild_001074.jpg,3
wild/flickr_wild_001075.jpg,3
wild/flickr_wild_001076.jpg,3
wild/flickr_wild_001077.jpg,3
wild/flickr_wild_001078.jpg,3
wild/flickr_wild_001079.jpg,3
wild/flickr_wild_001080.jpg,3
wild/flickr_wild_001081.jpg,3
wild/flickr_wild_001082.jpg,3
wild/flickr_wild_001083.jpg,3
wild/flickr_wild_001084.jpg,3
wild/flickr_wild_001085.jpg,3
wild/flickr_wild_001086.jpg,3
wild/flickr_wild_001087.jpg,3
wild/flickr_wild_001089.jpg,3
wild/flickr_wild_001090.jpg,3
wild/flickr_wild_001091.jpg,3
wild/flickr_wild_001092.jpg,3
wild/flickr_wild_001093.jpg,3
wild/flickr_wild_001095.jpg,3
wild/flickr_wild_001097.jpg,3
wild/flickr_wild_001098.jpg,3
wild/flickr_wild_001099.jpg,3
wild/flickr_wild_001100.jpg,3
wild/flickr_wild_001101.jpg,3
wild/flickr_wild_001102.jpg,3
wild/flickr_wild_001103.jpg,3
wild/flickr_wild_001104.jpg,3
wild/flickr_wild_001105.jpg,3
wild/flickr_wild_001106.jpg,3
wild/flickr_wild_001107.jpg,3
wild/flickr_wild_001108.jpg,3
wild/flickr_wild_001109.jpg,3
wild/flickr_wild_001110.jpg,3
wild/flickr_wild_001111.jpg,3
wild/flickr_wild_001115.jpg,3
wild/flickr_wild_001116.jpg,3
wild/flickr_wild_001117.jpg,3
wild/flickr_wild_001118.jpg,3
wild/flickr_wild_001120.jpg,3
wild/flickr_wild_001121.jpg,3
wild/flickr_wild_001122.jpg,3
wild/flickr_wild_001123.jpg,3
wild/flickr_wild_001124.jpg,3
wild/flickr_wild_001125.jpg,3
wild/flickr_wild_001126.jpg,3
wild/flickr_wild_001127.jpg,3
wild/flickr_wild_001128.jpg,3
wild/flickr_wild_001130.jpg,3
wild/flickr_wild_001131.jpg,3
wild/flickr_wild_001132.jpg,3
wild/flickr_wild_001133.jpg,3
wild/flickr_wild_001134.jpg,3
wild/flickr_wild_001135.jpg,3
wild/flickr_wild_001136.jpg,3
wild/flickr_wild_001138.jpg,3
wild/flickr_wild_001139.jpg,3
wild/flickr_wild_001140.jpg,3
wild/flickr_wild_001141.jpg,4
wild/flickr_wild_001142.jpg,4
wild/flickr_wild_001143.jpg,4
wild/flickr_wild_001144.jpg,4
wild/flickr_wild_001145.jpg,4
wild/flickr_wild_001146.jpg,4
wild/flickr_wild_001147.jpg,4
wild/flickr_wild_001148.jpg,4
wild/flickr_wild_001149.jpg,4
wild/flickr_wild_001150.jpg,4
wild/flickr_wild_001151.jpg,4
wild/flickr_wild_001153.jpg,4
wild/flickr_wild_001154.jpg,4
wild/flickr_wild_001155.jpg,4
wild/flickr_wild_001156.jpg,4
wild/flickr_wild_001157.jpg,4
wild/flickr_wild_001158.jpg,4
wild/flickr_wild_001159.jpg,4
wild/flickr_wild_001160.jpg,4
wild/flickr_wild_001161.jpg,4
wild/flickr_wild_001162.jpg,4
wild/flickr_wild_001163.jpg,4
wild/flickr_wild_001164.jpg,4
wild/flickr_wild_001165.jpg,4
wild/flickr_wild_001166.jpg,4
wild/flickr_wild_001167.jpg,4
wild/flickr_wild_001168.jpg,4
wild/flickr_wild_001169.jpg,4
wild/flickr_wild_001170.jpg,4
wild/flickr_wild_001171.jpg,4
wild/flickr_wild_001172.jpg,4
wild/flickr_wild_001173.jpg,4
wild/flickr_wild_001174.jpg,4
wild/flickr_wild_001175.jpg,4
wild/flickr_wild_001176.jpg,4
wild/flickr_wild_001178.jpg,4
wild/flickr_wild_001179.jpg,4
wild/flickr_wild_001180.jpg,4
wild/flickr_wild_001181.jpg,4
wild/flickr_wild_001182.jpg,4
wild/flickr_wild_001183.jpg,4
wild/flickr_wild_001184.jpg,4
wild/flickr_wild_001185.jpg,4
wild/flickr_wild_001186.jpg,4
wild/flickr_wild_001187.jpg,4
wild/flickr_wild_001188.jpg,4
wild/flickr_wild_001189.jpg,4
wild/flickr_wild_001190.jpg,4
wild/flickr_wild_001191.jpg,4
wild/flickr_wild_001192.jpg,4
wild/flickr_wild_001193.jpg,4
wild/flickr_wild_001194.jpg,4
wild/flickr_wild_001195.jpg,4
wild/flickr_wild_001196.jpg,4
wild/flickr_wild_001197.jpg,7
wild/flickr_wild_001198.jpg,4
wild/flickr_wild_001199.jpg,4
wild/flickr_wild_001200.jpg,4
wild/flickr_wild_001201.jpg,4
wild/flickr_wild_001202.jpg,4
wild/flickr_wild_001203.jpg,4
wild/flickr_wild_001204.jpg,4
wild/flickr_wild_001206.jpg,4
wild/flickr_wild_001207.jpg,4
wild/flickr_wild_001208.jpg,4
wild/flickr_wild_001209.jpg,4
wild/flickr_wild_001210.jpg,4
wild/flickr_wild_001212.jpg,4
wild/flickr_wild_001213.jpg,4
wild/flickr_wild_001214.jpg,4
wild/flickr_wild_001215.jpg,4
wild/flickr_wild_001216.jpg,4
wild/flickr_wild_001218.jpg,4
wild/flickr_wild_001220.jpg,4
wild/flickr_wild_001221.jpg,4
wild/flickr_wild_001222.jpg,4
wild/flickr_wild_001224.jpg,4
wild/flickr_wild_001225.jpg,4
wild/flickr_wild_001226.jpg,4
wild/flickr_wild_001227.jpg,4
wild/flickr_wild_001228.jpg,4
wild/flickr_wild_001229.jpg,4
wild/flickr_wild_001231.jpg,4
wild/flickr_wild_001232.jpg,4
wild/flickr_wild_001233.jpg,4
wild/flickr_wild_001234.jpg,4
wild/flickr_wild_001235.jpg,4
wild/flickr_wild_001236.jpg,4
wild/flickr_wild_001238.jpg,4
wild/flickr_wild_001239.jpg,4
wild/flickr_wild_001240.jpg,4
wild/flickr_wild_001241.jpg,4
wild/flickr_wild_001242.jpg,4
wild/flickr_wild_001243.jpg,4
wild/flickr_wild_001244.jpg,4
wild/flickr_wild_001245.jpg,4
wild/flickr_wild_001246.jpg,4
wild/flickr_wild_001247.jpg,4
wild/flickr_wild_001248.jpg,4
wild/flickr_wild_001249.jpg,4
wild/flickr_wild_001252.jpg,4
wild/flickr_wild_001254.jpg,4
wild/flickr_wild_001255.jpg,4
wild/flickr_wild_001256.jpg,4
wild/flickr_wild_001257.jpg,4
wild/flickr_wild_001259.jpg,4
wild/flickr_wild_001260.jpg,4
wild/flickr_wild_001261.jpg,4
wild/flickr_wild_001262.jpg,4
wild/flickr_wild_001263.jpg,4
wild/flickr_wild_001264.jpg,4
wild/flickr_wild_001265.jpg,2
wild/flickr_wild_001266.jpg,4
wild/flickr_wild_001267.jpg,4
wild/flickr_wild_001268.jpg,4
wild/flickr_wild_001269.jpg,4
wild/flickr_wild_001270.jpg,4
wild/flickr_wild_001271.jpg,4
wild/flickr_wild_001272.jpg,4
wild/flickr_wild_001273.jpg,4
wild/flickr_wild_001274.jpg,4
wild/flickr_wild_001276.jpg,4
wild/flickr_wild_001277.jpg,4
wild/flickr_wild_001278.jpg,4
wild/flickr_wild_001279.jpg,4
wild/flickr_wild_001280.jpg,4
wild/flickr_wild_001281.jpg,4
wild/flickr_wild_001282.jpg,4
wild/flickr_wild_001283.jpg,4
wild/flickr_wild_001284.jpg,4
wild/flickr_wild_001285.jpg,4
wild/flickr_wild_001287.jpg,4
wild/flickr_wild_001288.jpg,4
wild/flickr_wild_001289.jpg,4
wild/flickr_wild_001290.jpg,4
wild/flickr_wild_001291.jpg,4
wild/flickr_wild_001292.jpg,4
wild/flickr_wild_001293.jpg,4
wild/flickr_wild_001294.jpg,4
wild/flickr_wild_001295.jpg,4
wild/flickr_wild_001296.jpg,4
wild/flickr_wild_001298.jpg,4
wild/flickr_wild_001300.jpg,4
wild/flickr_wild_001301.jpg,4
wild/flickr_wild_001302.jpg,4
wild/flickr_wild_001303.jpg,4
wild/flickr_wild_001304.jpg,4
wild/flickr_wild_001305.jpg,4
wild/flickr_wild_001306.jpg,4
wild/flickr_wild_001307.jpg,4
wild/flickr_wild_001309.jpg,4
wild/flickr_wild_001310.jpg,4
wild/flickr_wild_001311.jpg,4
wild/flickr_wild_001313.jpg,4
wild/flickr_wild_001314.jpg,4
wild/flickr_wild_001315.jpg,4
wild/flickr_wild_001316.jpg,4
wild/flickr_wild_001317.jpg,4
wild/flickr_wild_001318.jpg,4
wild/flickr_wild_001320.jpg,4
wild/flickr_wild_001322.jpg,4
wild/flickr_wild_001323.jpg,4
wild/flickr_wild_001324.jpg,4
wild/flickr_wild_001326.jpg,4
wild/flickr_wild_001328.jpg,4
wild/flickr_wild_001331.jpg,2
wild/flickr_wild_001333.jpg,4
wild/flickr_wild_001334.jpg,4
wild/flickr_wild_001335.jpg,2
wild/flickr_wild_001336.jpg,4
wild/flickr_wild_001337.jpg,4
wild/flickr_wild_001338.jpg,4
wild/flickr_wild_001339.jpg,4
wild/flickr_wild_001340.jpg,4
wild/flickr_wild_001341.jpg,4
wild/flickr_wild_001342.jpg,4
wild/flickr_wild_001343.jpg,0
wild/flickr_wild_001344.jpg,0
wild/flickr_wild_001345.jpg,4
wild/flickr_wild_001346.jpg,4
wild/flickr_wild_001347.jpg,0
wild/flickr_wild_001348.jpg,4
wild/flickr_wild_001349.jpg,4
wild/flickr_wild_001350.jpg,4
wild/flickr_wild_001351.jpg,4
wild/flickr_wild_001352.jpg,4
wild/flickr_wild_001353.jpg,4
wild/flickr_wild_001355.jpg,4
wild/flickr_wild_001356.jpg,4
wild/flickr_wild_001357.jpg,4
wild/flickr_wild_001358.jpg,4
wild/flickr_wild_001359.jpg,4
wild/flickr_wild_001360.jpg,4
wild/flickr_wild_001361.jpg,4
wild/flickr_wild_001362.jpg,4
wild/flickr_wild_001363.jpg,4
wild/flickr_wild_001364.jpg,4
wild/flickr_wild_001365.jpg,4
wild/flickr_wild_001366.jpg,4
wild/flickr_wild_001367.jpg,4
wild/flickr_wild_001368.jpg,4
wild/flickr_wild_001369.jpg,4
wild/flickr_wild_001370.jpg,4
wild/flickr_wild_001371.jpg,4
wild/flickr_wild_001372.jpg,4
wild/flickr_wild_001373.jpg,4
wild/flickr_wild_001374.jpg,4
wild/flickr_wild_001375.jpg,4
wild/flickr_wild_001376.jpg,4
wild/flickr_wild_001377.jpg,4
wild/flickr_wild_001378.jpg,4
wild/flickr_wild_001379.jpg,4
wild/flickr_wild_001380.jpg,4
wild/flickr_wild_001381.jpg,4
wild/flickr_wild_001382.jpg,4
wild/flickr_wild_001384.jpg,4
wild/flickr_wild_001385.jpg,4
wild/flickr_wild_001386.jpg,4
wild/flickr_wild_001387.jpg,4
wild/flickr_wild_001388.jpg,4
wild/flickr_wild_001389.jpg,4
wild/flickr_wild_001390.jpg,4
wild/flickr_wild_001391.jpg,4
wild/flickr_wild_001392.jpg,4
wild/flickr_wild_001393.jpg,4
wild/flickr_wild_001394.jpg,4
wild/flickr_wild_001395.jpg,4
wild/flickr_wild_001396.jpg,4
wild/flickr_wild_001399.jpg,0
wild/flickr_wild_001400.jpg,4
wild/flickr_wild_001401.jpg,4
wild/flickr_wild_001403.jpg,4
wild/flickr_wild_001404.jpg,4
wild/flickr_wild_001405.jpg,4
wild/flickr_wild_001406.jpg,4
wild/flickr_wild_001407.jpg,4
wild/flickr_wild_001408.jpg,4
wild/flickr_wild_001409.jpg,4
wild/flickr_wild_001410.jpg,4
wild/flickr_wild_001411.jpg,4
wild/flickr_wild_001412.jpg,4
wild/flickr_wild_001413.jpg,4
wild/flickr_wild_001414.jpg,2
wild/flickr_wild_001415.jpg,4
wild/flickr_wild_001416.jpg,4
wild/flickr_wild_001417.jpg,4
wild/flickr_wild_001418.jpg,4
wild/flickr_wild_001419.jpg,4
wild/flickr_wild_001420.jpg,4
wild/flickr_wild_001421.jpg,4
wild/flickr_wild_001422.jpg,4
wild/flickr_wild_001423.jpg,4
wild/flickr_wild_001424.jpg,4
wild/flickr_wild_001425.jpg,4
wild/flickr_wild_001426.jpg,4
wild/flickr_wild_001427.jpg,4
wild/flickr_wild_001428.jpg,4
wild/flickr_wild_001429.jpg,4
wild/flickr_wild_001430.jpg,4
wild/flickr_wild_001431.jpg,4
wild/flickr_wild_001433.jpg,4
wild/flickr_wild_001435.jpg,4
wild/flickr_wild_001437.jpg,4
wild/flickr_wild_001438.jpg,4
wild/flickr_wild_001439.jpg,4
wild/flickr_wild_001440.jpg,4
wild/flickr_wild_001441.jpg,4
wild/flickr_wild_001442.jpg,4
wild/flickr_wild_001443.jpg,4
wild/flickr_wild_001444.jpg,4
wild/flickr_wild_001445.jpg,4
wild/flickr_wild_001446.jpg,2
wild/flickr_wild_001447.jpg,4
wild/flickr_wild_001449.jpg,4
wild/flickr_wild_001450.jpg,4
wild/flickr_wild_001451.jpg,4
wild/flickr_wild_001452.jpg,4
wild/flickr_wild_001453.jpg,4
wild/flickr_wild_001454.jpg,4
wild/flickr_wild_001455.jpg,4
wild/flickr_wild_001456.jpg,4
wild/flickr_wild_001458.jpg,4
wild/flickr_wild_001459.jpg,4
wild/flickr_wild_001461.jpg,4
wild/flickr_wild_001462.jpg,4
wild/flickr_wild_001463.jpg,4
wild/flickr_wild_001464.jpg,4
wild/flickr_wild_001465.jpg,4
wild/flickr_wild_001466.jpg,4
wild/flickr_wild_001467.jpg,4
wild/flickr_wild_001468.jpg,4
wild/flickr_wild_001470.jpg,4
wild/flickr_wild_001471.jpg,4
wild/flickr_wild_001472.jpg,4
wild/flickr_wild_001473.jpg,4
wild/flickr_wild_001474.jpg,4
wild/flickr_wild_001476.jpg,4
wild/flickr_wild_001477.jpg,4
wild/flickr_wild_001478.jpg,4
wild/flickr_wild_001479.jpg,4
wild/flickr_wild_001480.jpg,0
wild/flickr_wild_001481.jpg,4
wild/flickr_wild_001482.jpg,4
wild/flickr_wild_001483.jpg,4
wild/flickr_wild_001484.jpg,4
wild/flickr_wild_001485.jpg,4
wild/flickr_wild_001486.jpg,4
wild/flickr_wild_001487.jpg,4
wild/flickr_wild_001488.jpg,4
wild/flickr_wild_001489.jpg,4
wild/flickr_wild_001490.jpg,4
wild/flickr_wild_001491.jpg,4
wild/flickr_wild_001492.jpg,4
wild/flickr_wild_001493.jpg,4
wild/flickr_wild_001494.jpg,4
wild/flickr_wild_001495.jpg,4
wild/flickr_wild_001496.jpg,4
wild/flickr_wild_001497.jpg,4
wild/flickr_wild_001498.jpg,4
wild/flickr_wild_001499.jpg,0
wild/flickr_wild_001500.jpg,4
wild/flickr_wild_001501.jpg,4
wild/flickr_wild_001502.jpg,4
wild/flickr_wild_001503.jpg,4
wild/flickr_wild_001504.jpg,4
wild/flickr_wild_001505.jpg,4
wild/flickr_wild_001506.jpg,4
wild/flickr_wild_001507.jpg,4
wild/flickr_wild_001509.jpg,4
wild/flickr_wild_001510.jpg,4
wild/flickr_wild_001511.jpg,4
wild/flickr_wild_001512.jpg,4
wild/flickr_wild_001513.jpg,4
wild/flickr_wild_001514.jpg,6
wild/flickr_wild_001515.jpg,6
wild/flickr_wild_001516.jpg,6
wild/flickr_wild_001518.jpg,6
wild/flickr_wild_001519.jpg,6
wild/flickr_wild_001520.jpg,6
wild/flickr_wild_001521.jpg,6
wild/flickr_wild_001522.jpg,6
wild/flickr_wild_001523.jpg,6
wild/flickr_wild_001524.jpg,6
wild/flickr_wild_001525.jpg,6
wild/flickr_wild_001526.jpg,6
wild/flickr_wild_001527.jpg,6
wild/flickr_wild_001528.jpg,6
wild/flickr_wild_001529.jpg,6
wild/flickr_wild_001530.jpg,6
wild/flickr_wild_001531.jpg,6
wild/flickr_wild_001532.jpg,6
wild/flickr_wild_001533.jpg,6
wild/flickr_wild_001534.jpg,6
wild/flickr_wild_001535.jpg,6
wild/flickr_wild_001536.jpg,6
wild/flickr_wild_001537.jpg,6
wild/flickr_wild_001538.jpg,6
wild/flickr_wild_001539.jpg,6
wild/flickr_wild_001540.jpg,6
wild/flickr_wild_001541.jpg,6
wild/flickr_wild_001542.jpg,6
wild/flickr_wild_001543.jpg,0
wild/flickr_wild_001544.jpg,6
wild/flickr_wild_001546.jpg,6
wild/flickr_wild_001548.jpg,6
wild/flickr_wild_001549.jpg,6
wild/flickr_wild_001550.jpg,6
wild/flickr_wild_001551.jpg,6
wild/flickr_wild_001553.jpg,6
wild/flickr_wild_001554.jpg,6
wild/flickr_wild_001555.jpg,6
wild/flickr_wild_001556.jpg,6
wild/flickr_wild_001557.jpg,6
wild/flickr_wild_001558.jpg,6
wild/flickr_wild_001559.jpg,6
wild/flickr_wild_001560.jpg,6
wild/flickr_wild_001561.jpg,6
wild/flickr_wild_001562.jpg,6
wild/flickr_wild_001564.jpg,6
wild/flickr_wild_001565.jpg,6
wild/flickr_wild_001566.jpg,6
wild/flickr_wild_001567.jpg,6
wild/flickr_wild_001568.jpg,6
wild/flickr_wild_001569.jpg,6
wild/flickr_wild_001570.jpg,6
wild/flickr_wild_001571.jpg,6
wild/flickr_wild_001572.jpg,6
wild/flickr_wild_001573.jpg,6
wild/flickr_wild_001574.jpg,6
wild/flickr_wild_001575.jpg,6
wild/flickr_wild_001577.jpg,6
wild/flickr_wild_001578.jpg,6
wild/flickr_wild_001579.jpg,6
wild/flickr_wild_001580.jpg,6
wild/flickr_wild_001581.jpg,6
wild/flickr_wild_001582.jpg,6
wild/flickr_wild_001584.jpg,6
wild/flickr_wild_001585.jpg,6
wild/flickr_wild_001586.jpg,6
wild/flickr_wild_001588.jpg,0
wild/flickr_wild_001589.jpg,6
wild/flickr_wild_001590.jpg,6
wild/flickr_wild_001591.jpg,6
wild/flickr_wild_001592.jpg,6
wild/flickr_wild_001593.jpg,6
wild/flickr_wild_001594.jpg,6
wild/flickr_wild_001595.jpg,6
wild/flickr_wild_001596.jpg,6
wild/flickr_wild_001597.jpg,6
wild/flickr_wild_001599.jpg,6
wild/flickr_wild_001600.jpg,6
wild/flickr_wild_001601.jpg,6
wild/flickr_wild_001603.jpg,6
wild/flickr_wild_001604.jpg,6
wild/flickr_wild_001605.jpg,6
wild/flickr_wild_001607.jpg,6
wild/flickr_wild_001608.jpg,6
wild/flickr_wild_001609.jpg,6
wild/flickr_wild_001610.jpg,6
wild/flickr_wild_001611.jpg,6
wild/flickr_wild_001612.jpg,6
wild/flickr_wild_001613.jpg,6
wild/flickr_wild_001614.jpg,6
wild/flickr_wild_001615.jpg,4
wild/flickr_wild_001616.jpg,4
wild/flickr_wild_001617.jpg,4
wild/flickr_wild_001618.jpg,4
wild/flickr_wild_001620.jpg,4
wild/flickr_wild_001621.jpg,4
wild/flickr_wild_001622.jpg,4
wild/flickr_wild_001623.jpg,4
wild/flickr_wild_001624.jpg,4
wild/flickr_wild_001626.jpg,4
wild/flickr_wild_001628.jpg,4
wild/flickr_wild_001629.jpg,4
wild/flickr_wild_001630.jpg,4
wild/flickr_wild_001631.jpg,4
wild/flickr_wild_001632.jpg,4
wild/flickr_wild_001633.jpg,4
wild/flickr_wild_001635.jpg,4
wild/flickr_wild_001636.jpg,4
wild/flickr_wild_001637.jpg,4
wild/flickr_wild_001638.jpg,4
wild/flickr_wild_001639.jpg,4
wild/flickr_wild_001640.jpg,4
wild/flickr_wild_001642.jpg,4
wild/flickr_wild_001643.jpg,4
wild/flickr_wild_001644.jpg,4
wild/flickr_wild_001645.jpg,4
wild/flickr_wild_001646.jpg,4
wild/flickr_wild_001647.jpg,4
wild/flickr_wild_001648.jpg,4
wild/flickr_wild_001649.jpg,4
wild/flickr_wild_001650.jpg,4
wild/flickr_wild_001651.jpg,4
wild/flickr_wild_001652.jpg,4
wild/flickr_wild_001653.jpg,4
wild/flickr_wild_001654.jpg,4
wild/flickr_wild_001655.jpg,4
wild/flickr_wild_001656.jpg,4
wild/flickr_wild_001657.jpg,4
wild/flickr_wild_001659.jpg,4
wild/flickr_wild_001660.jpg,4
wild/flickr_wild_001661.jpg,0
wild/flickr_wild_001662.jpg,4
wild/flickr_wild_001663.jpg,4
wild/flickr_wild_001664.jpg,4
wild/flickr_wild_001665.jpg,4
wild/flickr_wild_001666.jpg,4
wild/flickr_wild_001667.jpg,4
wild/flickr_wild_001668.jpg,4
wild/flickr_wild_001669.jpg,4
wild/flickr_wild_001670.jpg,4
wild/flickr_wild_001671.jpg,4
wild/flickr_wild_001672.jpg,4
wild/flickr_wild_001673.jpg,4
wild/flickr_wild_001674.jpg,4
wild/flickr_wild_001675.jpg,4
wild/flickr_wild_001676.jpg,4
wild/flickr_wild_001677.jpg,4
wild/flickr_wild_001678.jpg,4
wild/flickr_wild_001679.jpg,4
wild/flickr_wild_001680.jpg,4
wild/flickr_wild_001681.jpg,4
wild/flickr_wild_001682.jpg,4
wild/flickr_wild_001684.jpg,4
wild/flickr_wild_001685.jpg,4
wild/flickr_wild_001686.jpg,4
wild/flickr_wild_001687.jpg,4
wild/flickr_wild_001688.jpg,4
wild/flickr_wild_001689.jpg,4
wild/flickr_wild_001690.jpg,4
wild/flickr_wild_001691.jpg,4
wild/flickr_wild_001693.jpg,4
wild/flickr_wild_001694.jpg,4
wild/flickr_wild_001695.jpg,4
wild/flickr_wild_001696.jpg,4
wild/flickr_wild_001697.jpg,4
wild/flickr_wild_001698.jpg,4
wild/flickr_wild_001699.jpg,4
wild/flickr_wild_001700.jpg,4
wild/flickr_wild_001701.jpg,4
wild/flickr_wild_001702.jpg,4
wild/flickr_wild_001703.jpg,4
wild/flickr_wild_001704.jpg,4
wild/flickr_wild_001705.jpg,4
wild/flickr_wild_001706.jpg,4
wild/flickr_wild_001707.jpg,4
wild/flickr_wild_001708.jpg,4
wild/flickr_wild_001709.jpg,4
wild/flickr_wild_001710.jpg,4
wild/flickr_wild_001712.jpg,4
wild/flickr_wild_001713.jpg,4
wild/flickr_wild_001714.jpg,4
wild/flickr_wild_001715.jpg,4
wild/flickr_wild_001716.jpg,4
wild/flickr_wild_001717.jpg,4
wild/flickr_wild_001718.jpg,2
wild/flickr_wild_001719.jpg,4
wild/flickr_wild_001720.jpg,4
wild/flickr_wild_001721.jpg,4
wild/flickr_wild_001722.jpg,4
wild/flickr_wild_001723.jpg,4
wild/flickr_wild_001724.jpg,4
wild/flickr_wild_001725.jpg,4
wild/flickr_wild_001726.jpg,4
wild/flickr_wild_001727.jpg,4
wild/flickr_wild_001728.jpg,4
wild/flickr_wild_001729.jpg,4
wild/flickr_wild_001730.jpg,4
wild/flickr_wild_001731.jpg,4
wild/flickr_wild_001733.jpg,4
wild/flickr_wild_001734.jpg,4
wild/flickr_wild_001735.jpg,4
wild/flickr_wild_001736.jpg,4
wild/flickr_wild_001738.jpg,4
wild/flickr_wild_001739.jpg,4
wild/flickr_wild_001740.jpg,4
wild/flickr_wild_001741.jpg,4
wild/flickr_wild_001742.jpg,4
wild/flickr_wild_001743.jpg,4
wild/flickr_wild_001744.jpg,4
wild/flickr_wild_001745.jpg,4
wild/flickr_wild_001746.jpg,4
wild/flickr_wild_001747.jpg,4
wild/flickr_wild_001748.jpg,4
wild/flickr_wild_001749.jpg,4
wild/flickr_wild_001750.jpg,4
wild/flickr_wild_001751.jpg,4
wild/flickr_wild_001752.jpg,4
wild/flickr_wild_001753.jpg,4
wild/flickr_wild_001754.jpg,4
wild/flickr_wild_001755.jpg,4
wild/flickr_wild_001756.jpg,4
wild/flickr_wild_001757.jpg,4
wild/flickr_wild_001758.jpg,4
wild/flickr_wild_001759.jpg,4
wild/flickr_wild_001760.jpg,4
wild/flickr_wild_001761.jpg,4
wild/flickr_wild_001762.jpg,4
wild/flickr_wild_001763.jpg,4
wild/flickr_wild_001764.jpg,4
wild/flickr_wild_001765.jpg,4
wild/flickr_wild_001766.jpg,4
wild/flickr_wild_001767.jpg,4
wild/flickr_wild_001768.jpg,4
wild/flickr_wild_001769.jpg,4
wild/flickr_wild_001770.jpg,4
wild/flickr_wild_001771.jpg,4
wild/flickr_wild_001772.jpg,4
wild/flickr_wild_001773.jpg,4
wild/flickr_wild_001774.jpg,4
wild/flickr_wild_001775.jpg,4
wild/flickr_wild_001776.jpg,4
wild/flickr_wild_001777.jpg,4
wild/flickr_wild_001778.jpg,4
wild/flickr_wild_001779.jpg,4
wild/flickr_wild_001780.jpg,4
wild/flickr_wild_001781.jpg,4
wild/flickr_wild_001782.jpg,4
wild/flickr_wild_001783.jpg,4
wild/flickr_wild_001784.jpg,4
wild/flickr_wild_001785.jpg,4
wild/flickr_wild_001786.jpg,4
wild/flickr_wild_001787.jpg,4
wild/flickr_wild_001788.jpg,4
wild/flickr_wild_001789.jpg,4
wild/flickr_wild_001790.jpg,4
wild/flickr_wild_001791.jpg,4
wild/flickr_wild_001792.jpg,4
wild/flickr_wild_001794.jpg,4
wild/flickr_wild_001795.jpg,4
wild/flickr_wild_001796.jpg,4
wild/flickr_wild_001797.jpg,4
wild/flickr_wild_001798.jpg,4
wild/flickr_wild_001799.jpg,4
wild/flickr_wild_001800.jpg,2
wild/flickr_wild_001801.jpg,2
wild/flickr_wild_001802.jpg,2
wild/flickr_wild_001803.jpg,2
wild/flickr_wild_001804.jpg,2
wild/flickr_wild_001805.jpg,2
wild/flickr_wild_001806.jpg,2
wild/flickr_wild_001807.jpg,2
wild/flickr_wild_001808.jpg,2
wild/flickr_wild_001809.jpg,2
wild/flickr_wild_001810.jpg,2
wild/flickr_wild_001811.jpg,2
wild/flickr_wild_001812.jpg,2
wild/flickr_wild_001813.jpg,2
wild/flickr_wild_001814.jpg,2
wild/flickr_wild_001816.jpg,2
wild/flickr_wild_001817.jpg,2
wild/flickr_wild_001818.jpg,2
wild/flickr_wild_001819.jpg,2
wild/flickr_wild_001820.jpg,2
wild/flickr_wild_001821.jpg,2
wild/flickr_wild_001822.jpg,2
wild/flickr_wild_001823.jpg,2
wild/flickr_wild_001824.jpg,2
wild/flickr_wild_001826.jpg,2
wild/flickr_wild_001827.jpg,2
wild/flickr_wild_001828.jpg,2
wild/flickr_wild_001829.jpg,2
wild/flickr_wild_001830.jpg,2
wild/flickr_wild_001831.jpg,2
wild/flickr_wild_001832.jpg,2
wild/flickr_wild_001833.jpg,2
wild/flickr_wild_001834.jpg,2
wild/flickr_wild_001835.jpg,2
wild/flickr_wild_001836.jpg,2
wild/flickr_wild_001837.jpg,2
wild/flickr_wild_001838.jpg,2
wild/flickr_wild_001840.jpg,2
wild/flickr_wild_001841.jpg,2
wild/flickr_wild_001842.jpg,2
wild/flickr_wild_001844.jpg,2
wild/flickr_wild_001845.jpg,2
wild/flickr_wild_001847.jpg,2
wild/flickr_wild_001848.jpg,2
wild/flickr_wild_001849.jpg,2
wild/flickr_wild_001850.jpg,2
wild/flickr_wild_001851.jpg,2
wild/flickr_wild_001852.jpg,2
wild/flickr_wild_001853.jpg,2
wild/flickr_wild_001854.jpg,2
wild/flickr_wild_001855.jpg,2
wild/flickr_wild_001856.jpg,2
wild/flickr_wild_001857.jpg,2
wild/flickr_wild_001858.jpg,2
wild/flickr_wild_001859.jpg,2
wild/flickr_wild_001860.jpg,2
wild/flickr_wild_001861.jpg,2
wild/flickr_wild_001863.jpg,2
wild/flickr_wild_001864.jpg,2
wild/flickr_wild_001865.jpg,2
wild/flickr_wild_001866.jpg,2
wild/flickr_wild_001867.jpg,2
wild/flickr_wild_001868.jpg,2
wild/flickr_wild_001869.jpg,2
wild/flickr_wild_001870.jpg,2
wild/flickr_wild_001871.jpg,2
wild/flickr_wild_001872.jpg,2
wild/flickr_wild_001873.jpg,2
wild/flickr_wild_001876.jpg,2
wild/flickr_wild_001877.jpg,2
wild/flickr_wild_001878.jpg,2
wild/flickr_wild_001879.jpg,2
wild/flickr_wild_001880.jpg,2
wild/flickr_wild_001881.jpg,2
wild/flickr_wild_001882.jpg,2
wild/flickr_wild_001883.jpg,2
wild/flickr_wild_001884.jpg,2
wild/flickr_wild_001885.jpg,2
wild/flickr_wild_001886.jpg,2
wild/flickr_wild_001887.jpg,2
wild/flickr_wild_001888.jpg,2
wild/flickr_wild_001889.jpg,2
wild/flickr_wild_001891.jpg,2
wild/flickr_wild_001893.jpg,2
wild/flickr_wild_001894.jpg,2
wild/flickr_wild_001895.jpg,2
wild/flickr_wild_001896.jpg,2
wild/flickr_wild_001897.jpg,2
wild/flickr_wild_001898.jpg,2
wild/flickr_wild_001899.jpg,2
wild/flickr_wild_001900.jpg,2
wild/flickr_wild_001901.jpg,2
wild/flickr_wild_001902.jpg,2
wild/flickr_wild_001903.jpg,2
wild/flickr_wild_001904.jpg,2
wild/flickr_wild_001905.jpg,2
wild/flickr_wild_001906.jpg,2
wild/flickr_wild_001907.jpg,2
wild/flickr_wild_001908.jpg,2
wild/flickr_wild_001909.jpg,2
wild/flickr_wild_001910.jpg,2
wild/flickr_wild_001911.jpg,2
wild/flickr_wild_001912.jpg,2
wild/flickr_wild_001913.jpg,2
wild/flickr_wild_001914.jpg,2
wild/flickr_wild_001915.jpg,2
wild/flickr_wild_001916.jpg,2
wild/flickr_wild_001917.jpg,2
wild/flickr_wild_001918.jpg,2
wild/flickr_wild_001919.jpg,2
wild/flickr_wild_001920.jpg,2
wild/flickr_wild_001921.jpg,2
wild/flickr_wild_001922.jpg,2
wild/flickr_wild_001923.jpg,2
wild/flickr_wild_001924.jpg,2
wild/flickr_wild_001925.jpg,2
wild/flickr_wild_001926.jpg,2
wild/flickr_wild_001928.jpg,2
wild/flickr_wild_001929.jpg,2
wild/flickr_wild_001930.jpg,2
wild/flickr_wild_001931.jpg,2
wild/flickr_wild_001932.jpg,2
wild/flickr_wild_001933.jpg,2
wild/flickr_wild_001934.jpg,2
wild/flickr_wild_001935.jpg,2
wild/flickr_wild_001936.jpg,2
wild/flickr_wild_001937.jpg,2
wild/flickr_wild_001939.jpg,2
wild/flickr_wild_001940.jpg,2
wild/flickr_wild_001942.jpg,2
wild/flickr_wild_001943.jpg,2
wild/flickr_wild_001944.jpg,2
wild/flickr_wild_001946.jpg,2
wild/flickr_wild_001947.jpg,2
wild/flickr_wild_001948.jpg,2
wild/flickr_wild_001949.jpg,2
wild/flickr_wild_001950.jpg,2
wild/flickr_wild_001951.jpg,2
wild/flickr_wild_001952.jpg,2
wild/flickr_wild_001954.jpg,2
wild/flickr_wild_001955.jpg,2
wild/flickr_wild_001956.jpg,2
wild/flickr_wild_001957.jpg,2
wild/flickr_wild_001958.jpg,2
wild/flickr_wild_001959.jpg,2
wild/flickr_wild_001960.jpg,2
wild/flickr_wild_001961.jpg,2
wild/flickr_wild_001962.jpg,2
wild/flickr_wild_001963.jpg,2
wild/flickr_wild_001964.jpg,2
wild/flickr_wild_001965.jpg,2
wild/flickr_wild_001966.jpg,3
wild/flickr_wild_001967.jpg,3
wild/flickr_wild_001968.jpg,3
wild/flickr_wild_001969.jpg,3
wild/flickr_wild_001970.jpg,3
wild/flickr_wild_001971.jpg,3
wild/flickr_wild_001972.jpg,3
wild/flickr_wild_001973.jpg,3
wild/flickr_wild_001974.jpg,3
wild/flickr_wild_001975.jpg,3
wild/flickr_wild_001976.jpg,3
wild/flickr_wild_001977.jpg,3
wild/flickr_wild_001978.jpg,3
wild/flickr_wild_001979.jpg,3
wild/flickr_wild_001980.jpg,3
wild/flickr_wild_001981.jpg,3
wild/flickr_wild_001982.jpg,3
wild/flickr_wild_001983.jpg,3
wild/flickr_wild_001984.jpg,3
wild/flickr_wild_001985.jpg,3
wild/flickr_wild_001987.jpg,3
wild/flickr_wild_001989.jpg,3
wild/flickr_wild_001990.jpg,3
wild/flickr_wild_001991.jpg,3
wild/flickr_wild_001992.jpg,3
wild/flickr_wild_001993.jpg,3
wild/flickr_wild_001994.jpg,3
wild/flickr_wild_001996.jpg,3
wild/flickr_wild_001997.jpg,3
wild/flickr_wild_001998.jpg,3
wild/flickr_wild_001999.jpg,3
wild/flickr_wild_002000.jpg,3
wild/flickr_wild_002001.jpg,3
wild/flickr_wild_002002.jpg,3
wild/flickr_wild_002003.jpg,3
wild/flickr_wild_002004.jpg,3
wild/flickr_wild_002005.jpg,3
wild/flickr_wild_002006.jpg,3
wild/flickr_wild_002007.jpg,3
wild/flickr_wild_002008.jpg,3
wild/flickr_wild_002009.jpg,3
wild/flickr_wild_002010.jpg,3
wild/flickr_wild_002011.jpg,3
wild/flickr_wild_002012.jpg,3
wild/flickr_wild_002013.jpg,3
wild/flickr_wild_002014.jpg,3
wild/flickr_wild_002015.jpg,3
wild/flickr_wild_002017.jpg,3
wild/flickr_wild_002018.jpg,3
wild/flickr_wild_002019.jpg,3
wild/flickr_wild_002021.jpg,3
wild/flickr_wild_002023.jpg,3
wild/flickr_wild_002024.jpg,3
wild/flickr_wild_002025.jpg,3
wild/flickr_wild_002026.jpg,3
wild/flickr_wild_002027.jpg,3
wild/flickr_wild_002028.jpg,3
wild/flickr_wild_002029.jpg,3
wild/flickr_wild_002031.jpg,3
wild/flickr_wild_002033.jpg,3
wild/flickr_wild_002034.jpg,3
wild/flickr_wild_002035.jpg,3
wild/flickr_wild_002037.jpg,3
wild/flickr_wild_002038.jpg,3
wild/flickr_wild_002039.jpg,3
wild/flickr_wild_002040.jpg,3
wild/flickr_wild_002041.jpg,3
wild/flickr_wild_002042.jpg,3
wild/flickr_wild_002044.jpg,3
wild/flickr_wild_002045.jpg,3
wild/flickr_wild_002046.jpg,3
wild/flickr_wild_002047.jpg,3
wild/flickr_wild_002048.jpg,3
wild/flickr_wild_002049.jpg,3
wild/flickr_wild_002050.jpg,3
wild/flickr_wild_002051.jpg,3
wild/flickr_wild_002052.jpg,3
wild/flickr_wild_002054.jpg,3
wild/flickr_wild_002056.jpg,3
wild/flickr_wild_002057.jpg,3
wild/flickr_wild_002059.jpg,3
wild/flickr_wild_002060.jpg,3
wild/flickr_wild_002061.jpg,3
wild/flickr_wild_002062.jpg,3
wild/flickr_wild_002063.jpg,3
wild/flickr_wild_002065.jpg,3
wild/flickr_wild_002066.jpg,3
wild/flickr_wild_002067.jpg,3
wild/flickr_wild_002068.jpg,3
wild/flickr_wild_002069.jpg,3
wild/flickr_wild_002070.jpg,3
wild/flickr_wild_002071.jpg,3
wild/flickr_wild_002072.jpg,3
wild/flickr_wild_002073.jpg,3
wild/flickr_wild_002074.jpg,3
wild/flickr_wild_002075.jpg,3
wild/flickr_wild_002076.jpg,3
wild/flickr_wild_002077.jpg,2
wild/flickr_wild_002078.jpg,2
wild/flickr_wild_002079.jpg,2
wild/flickr_wild_002080.jpg,2
wild/flickr_wild_002082.jpg,2
wild/flickr_wild_002083.jpg,2
wild/flickr_wild_002084.jpg,2
wild/flickr_wild_002085.jpg,2
wild/flickr_wild_002086.jpg,2
wild/flickr_wild_002087.jpg,2
wild/flickr_wild_002088.jpg,2
wild/flickr_wild_002089.jpg,2
wild/flickr_wild_002090.jpg,2
wild/flickr_wild_002091.jpg,2
wild/flickr_wild_002094.jpg,2
wild/flickr_wild_002095.jpg,2
wild/flickr_wild_002096.jpg,2
wild/flickr_wild_002097.jpg,2
wild/flickr_wild_002098.jpg,2
wild/flickr_wild_002099.jpg,2
wild/flickr_wild_002100.jpg,2
wild/flickr_wild_002101.jpg,2
wild/flickr_wild_002102.jpg,2
wild/flickr_wild_002103.jpg,2
wild/flickr_wild_002104.jpg,2
wild/flickr_wild_002105.jpg,2
wild/flickr_wild_002106.jpg,2
wild/flickr_wild_002107.jpg,2
wild/flickr_wild_002108.jpg,2
wild/flickr_wild_002109.jpg,2
wild/flickr_wild_002110.jpg,2
wild/flickr_wild_002111.jpg,2
wild/flickr_wild_002113.jpg,2
wild/flickr_wild_002114.jpg,2
wild/flickr_wild_002115.jpg,2
wild/flickr_wild_002116.jpg,2
wild/flickr_wild_002117.jpg,2
wild/flickr_wild_002118.jpg,2
wild/flickr_wild_002119.jpg,2
wild/flickr_wild_002120.jpg,2
wild/flickr_wild_002121.jpg,2
wild/flickr_wild_002122.jpg,2
wild/flickr_wild_002123.jpg,2
wild/flickr_wild_002125.jpg,2
wild/flickr_wild_002126.jpg,2
wild/flickr_wild_002127.jpg,2
wild/flickr_wild_002128.jpg,2
wild/flickr_wild_002129.jpg,2
wild/flickr_wild_002130.jpg,2
wild/flickr_wild_002131.jpg,2
wild/flickr_wild_002132.jpg,2
wild/flickr_wild_002133.jpg,2
wild/flickr_wild_002134.jpg,2
wild/flickr_wild_002135.jpg,2
wild/flickr_wild_002136.jpg,2
wild/flickr_wild_002137.jpg,2
wild/flickr_wild_002140.jpg,2
wild/flickr_wild_002141.jpg,2
wild/flickr_wild_002142.jpg,2
wild/flickr_wild_002143.jpg,2
wild/flickr_wild_002144.jpg,2
wild/flickr_wild_002146.jpg,2
wild/flickr_wild_002147.jpg,2
wild/flickr_wild_002148.jpg,2
wild/flickr_wild_002149.jpg,2
wild/flickr_wild_002150.jpg,2
wild/flickr_wild_002151.jpg,2
wild/flickr_wild_002152.jpg,2
wild/flickr_wild_002153.jpg,2
wild/flickr_wild_002154.jpg,2
wild/flickr_wild_002155.jpg,2
wild/flickr_wild_002156.jpg,2
wild/flickr_wild_002157.jpg,2
wild/flickr_wild_002158.jpg,2
wild/flickr_wild_002160.jpg,2
wild/flickr_wild_002161.jpg,2
wild/flickr_wild_002162.jpg,2
wild/flickr_wild_002163.jpg,2
wild/flickr_wild_002164.jpg,2
wild/flickr_wild_002165.jpg,2
wild/flickr_wild_002167.jpg,2
wild/flickr_wild_002168.jpg,2
wild/flickr_wild_002169.jpg,2
wild/flickr_wild_002170.jpg,2
wild/flickr_wild_002171.jpg,2
wild/flickr_wild_002172.jpg,2
wild/flickr_wild_002173.jpg,2
wild/flickr_wild_002174.jpg,2
wild/flickr_wild_002175.jpg,2
wild/flickr_wild_002176.jpg,2
wild/flickr_wild_002177.jpg,2
wild/flickr_wild_002178.jpg,2
wild/flickr_wild_002179.jpg,2
wild/flickr_wild_002180.jpg,2
wild/flickr_wild_002181.jpg,2
wild/flickr_wild_002183.jpg,2
wild/flickr_wild_002184.jpg,2
wild/flickr_wild_002186.jpg,2
wild/flickr_wild_002187.jpg,2
wild/flickr_wild_002188.jpg,2
wild/flickr_wild_002189.jpg,2
wild/flickr_wild_002191.jpg,2
wild/flickr_wild_002192.jpg,2
wild/flickr_wild_002193.jpg,2
wild/flickr_wild_002194.jpg,2
wild/flickr_wild_002195.jpg,2
wild/flickr_wild_002196.jpg,2
wild/flickr_wild_002197.jpg,2
wild/flickr_wild_002198.jpg,2
wild/flickr_wild_002199.jpg,2
wild/flickr_wild_002200.jpg,2
wild/flickr_wild_002201.jpg,2
wild/flickr_wild_002202.jpg,2
wild/flickr_wild_002203.jpg,2
wild/flickr_wild_002204.jpg,2
wild/flickr_wild_002205.jpg,2
wild/flickr_wild_002206.jpg,2
wild/flickr_wild_002207.jpg,2
wild/flickr_wild_002208.jpg,2
wild/flickr_wild_002209.jpg,2
wild/flickr_wild_002211.jpg,2
wild/flickr_wild_002212.jpg,2
wild/flickr_wild_002213.jpg,2
wild/flickr_wild_002214.jpg,2
wild/flickr_wild_002215.jpg,2
wild/flickr_wild_002216.jpg,2
wild/flickr_wild_002218.jpg,2
wild/flickr_wild_002219.jpg,2
wild/flickr_wild_002220.jpg,2
wild/flickr_wild_002221.jpg,2
wild/flickr_wild_002222.jpg,2
wild/flickr_wild_002223.jpg,2
wild/flickr_wild_002224.jpg,2
wild/flickr_wild_002225.jpg,2
wild/flickr_wild_002227.jpg,2
wild/flickr_wild_002228.jpg,2
wild/flickr_wild_002229.jpg,2
wild/flickr_wild_002230.jpg,2
wild/flickr_wild_002231.jpg,2
wild/flickr_wild_002232.jpg,2
wild/flickr_wild_002233.jpg,2
wild/flickr_wild_002234.jpg,2
wild/flickr_wild_002235.jpg,2
wild/flickr_wild_002236.jpg,2
wild/flickr_wild_002237.jpg,2
wild/flickr_wild_002238.jpg,2
wild/flickr_wild_002240.jpg,2
wild/flickr_wild_002241.jpg,2
wild/flickr_wild_002242.jpg,2
wild/flickr_wild_002243.jpg,2
wild/flickr_wild_002244.jpg,2
wild/flickr_wild_002245.jpg,2
wild/flickr_wild_002246.jpg,2
wild/flickr_wild_002247.jpg,2
wild/flickr_wild_002248.jpg,2
wild/flickr_wild_002249.jpg,2
wild/flickr_wild_002251.jpg,2
wild/flickr_wild_002252.jpg,2
wild/flickr_wild_002253.jpg,2
wild/flickr_wild_002254.jpg,2
wild/flickr_wild_002255.jpg,2
wild/flickr_wild_002256.jpg,2
wild/flickr_wild_002257.jpg,2
wild/flickr_wild_002258.jpg,2
wild/flickr_wild_002260.jpg,2
wild/flickr_wild_002261.jpg,2
wild/flickr_wild_002262.jpg,2
wild/flickr_wild_002263.jpg,2
wild/flickr_wild_002264.jpg,2
wild/flickr_wild_002265.jpg,2
wild/flickr_wild_002266.jpg,2
wild/flickr_wild_002267.jpg,2
wild/flickr_wild_002268.jpg,2
wild/flickr_wild_002269.jpg,2
wild/flickr_wild_002270.jpg,2
wild/flickr_wild_002271.jpg,2
wild/flickr_wild_002274.jpg,2
wild/flickr_wild_002275.jpg,2
wild/flickr_wild_002277.jpg,2
wild/flickr_wild_002278.jpg,2
wild/flickr_wild_002279.jpg,2
wild/flickr_wild_002280.jpg,2
wild/flickr_wild_002281.jpg,2
wild/flickr_wild_002282.jpg,2
wild/flickr_wild_002283.jpg,2
wild/flickr_wild_002284.jpg,2
wild/flickr_wild_002285.jpg,2
wild/flickr_wild_002286.jpg,2
wild/flickr_wild_002287.jpg,2
wild/flickr_wild_002288.jpg,2
wild/flickr_wild_002289.jpg,2
wild/flickr_wild_002290.jpg,2
wild/flickr_wild_002291.jpg,2
wild/flickr_wild_002292.jpg,2
wild/flickr_wild_002293.jpg,2
wild/flickr_wild_002294.jpg,2
wild/flickr_wild_002296.jpg,2
wild/flickr_wild_002297.jpg,2
wild/flickr_wild_002298.jpg,2
wild/flickr_wild_002299.jpg,2
wild/flickr_wild_002300.jpg,2
wild/flickr_wild_002301.jpg,2
wild/flickr_wild_002302.jpg,2
wild/flickr_wild_002303.jpg,2
wild/flickr_wild_002304.jpg,2
wild/flickr_wild_002305.jpg,2
wild/flickr_wild_002306.jpg,2
wild/flickr_wild_002307.jpg,2
wild/flickr_wild_002308.jpg,2
wild/flickr_wild_002309.jpg,2
wild/flickr_wild_002310.jpg,2
wild/flickr_wild_002311.jpg,2
wild/flickr_wild_002313.jpg,2
wild/flickr_wild_002315.jpg,2
wild/flickr_wild_002316.jpg,2
wild/flickr_wild_002317.jpg,2
wild/flickr_wild_002318.jpg,2
wild/flickr_wild_002320.jpg,2
wild/flickr_wild_002321.jpg,2
wild/flickr_wild_002322.jpg,2
wild/flickr_wild_002323.jpg,2
wild/flickr_wild_002324.jpg,2
wild/flickr_wild_002326.jpg,2
wild/flickr_wild_002327.jpg,2
wild/flickr_wild_002328.jpg,2
wild/flickr_wild_002329.jpg,2
wild/flickr_wild_002330.jpg,2
wild/flickr_wild_002331.jpg,2
wild/flickr_wild_002332.jpg,2
wild/flickr_wild_002333.jpg,2
wild/flickr_wild_002334.jpg,2
wild/flickr_wild_002335.jpg,2
wild/flickr_wild_002337.jpg,2
wild/flickr_wild_002338.jpg,2
wild/flickr_wild_002339.jpg,2
wild/flickr_wild_002340.jpg,2
wild/flickr_wild_002341.jpg,2
wild/flickr_wild_002342.jpg,2
wild/flickr_wild_002343.jpg,2
wild/flickr_wild_002344.jpg,2
wild/flickr_wild_002345.jpg,2
wild/flickr_wild_002346.jpg,2
wild/flickr_wild_002347.jpg,2
wild/flickr_wild_002348.jpg,2
wild/flickr_wild_002349.jpg,2
wild/flickr_wild_002350.jpg,2
wild/flickr_wild_002351.jpg,2
wild/flickr_wild_002352.jpg,2
wild/flickr_wild_002353.jpg,2
wild/flickr_wild_002354.jpg,2
wild/flickr_wild_002355.jpg,2
wild/flickr_wild_002356.jpg,2
wild/flickr_wild_002357.jpg,2
wild/flickr_wild_002358.jpg,2
wild/flickr_wild_002359.jpg,2
wild/flickr_wild_002360.jpg,2
wild/flickr_wild_002361.jpg,2
wild/flickr_wild_002362.jpg,2
wild/flickr_wild_002363.jpg,2
wild/flickr_wild_002365.jpg,2
wild/flickr_wild_002366.jpg,2
wild/flickr_wild_002367.jpg,2
wild/flickr_wild_002368.jpg,2
wild/flickr_wild_002369.jpg,2
wild/flickr_wild_002370.jpg,2
wild/flickr_wild_002371.jpg,2
wild/flickr_wild_002372.jpg,2
wild/flickr_wild_002373.jpg,2
wild/flickr_wild_002374.jpg,2
wild/flickr_wild_002375.jpg,2
wild/flickr_wild_002376.jpg,2
wild/flickr_wild_002377.jpg,2
wild/flickr_wild_002378.jpg,2
wild/flickr_wild_002379.jpg,2
wild/flickr_wild_002380.jpg,2
wild/flickr_wild_002381.jpg,2
wild/flickr_wild_002382.jpg,2
wild/flickr_wild_002383.jpg,2
wild/flickr_wild_002384.jpg,2
wild/flickr_wild_002385.jpg,2
wild/flickr_wild_002386.jpg,2
wild/flickr_wild_002387.jpg,2
wild/flickr_wild_002388.jpg,2
wild/flickr_wild_002389.jpg,2
wild/flickr_wild_002390.jpg,2
wild/flickr_wild_002391.jpg,2
wild/flickr_wild_002392.jpg,2
wild/flickr_wild_002394.jpg,2
wild/flickr_wild_002395.jpg,2
wild/flickr_wild_002396.jpg,2
wild/flickr_wild_002397.jpg,2
wild/flickr_wild_002398.jpg,2
wild/flickr_wild_002399.jpg,2
wild/flickr_wild_002400.jpg,2
wild/flickr_wild_002401.jpg,2
wild/flickr_wild_002402.jpg,2
wild/flickr_wild_002403.jpg,2
wild/flickr_wild_002404.jpg,2
wild/flickr_wild_002405.jpg,2
wild/flickr_wild_002406.jpg,2
wild/flickr_wild_002407.jpg,0
wild/flickr_wild_002408.jpg,2
wild/flickr_wild_002409.jpg,2
wild/flickr_wild_002411.jpg,2
wild/flickr_wild_002412.jpg,2
wild/flickr_wild_002413.jpg,2
wild/flickr_wild_002414.jpg,2
wild/flickr_wild_002415.jpg,2
wild/flickr_wild_002416.jpg,2
wild/flickr_wild_002417.jpg,2
wild/flickr_wild_002418.jpg,2
wild/flickr_wild_002419.jpg,2
wild/flickr_wild_002420.jpg,2
wild/flickr_wild_002421.jpg,2
wild/flickr_wild_002422.jpg,2
wild/flickr_wild_002423.jpg,2
wild/flickr_wild_002424.jpg,2
wild/flickr_wild_002425.jpg,2
wild/flickr_wild_002426.jpg,2
wild/flickr_wild_002427.jpg,2
wild/flickr_wild_002428.jpg,2
wild/flickr_wild_002429.jpg,2
wild/flickr_wild_002430.jpg,2
wild/flickr_wild_002431.jpg,2
wild/flickr_wild_002432.jpg,2
wild/flickr_wild_002434.jpg,2
wild/flickr_wild_002435.jpg,2
wild/flickr_wild_002436.jpg,2
wild/flickr_wild_002437.jpg,2
wild/flickr_wild_002438.jpg,2
wild/flickr_wild_002439.jpg,2
wild/flickr_wild_002440.jpg,2
wild/flickr_wild_002441.jpg,2
wild/flickr_wild_002442.jpg,2
wild/flickr_wild_002443.jpg,2
wild/flickr_wild_002444.jpg,2
wild/flickr_wild_002446.jpg,2
wild/flickr_wild_002447.jpg,2
wild/flickr_wild_002448.jpg,2
wild/flickr_wild_002449.jpg,2
wild/flickr_wild_002450.jpg,2
wild/flickr_wild_002451.jpg,2
wild/flickr_wild_002452.jpg,2
wild/flickr_wild_002453.jpg,2
wild/flickr_wild_002454.jpg,2
wild/flickr_wild_002455.jpg,2
wild/flickr_wild_002456.jpg,2
wild/flickr_wild_002457.jpg,2
wild/flickr_wild_002458.jpg,2
wild/flickr_wild_002459.jpg,2
wild/flickr_wild_002460.jpg,2
wild/flickr_wild_002462.jpg,2
wild/flickr_wild_002463.jpg,2
wild/flickr_wild_002464.jpg,2
wild/flickr_wild_002465.jpg,2
wild/flickr_wild_002466.jpg,2
wild/flickr_wild_002467.jpg,2
wild/flickr_wild_002468.jpg,2
wild/flickr_wild_002469.jpg,2
wild/flickr_wild_002470.jpg,2
wild/flickr_wild_002471.jpg,2
wild/flickr_wild_002472.jpg,2
wild/flickr_wild_002473.jpg,2
wild/flickr_wild_002474.jpg,2
wild/flickr_wild_002475.jpg,2
wild/flickr_wild_002476.jpg,2
wild/flickr_wild_002477.jpg,2
wild/flickr_wild_002478.jpg,2
wild/flickr_wild_002479.jpg,2
wild/flickr_wild_002480.jpg,2
wild/flickr_wild_002481.jpg,2
wild/flickr_wild_002482.jpg,2
wild/flickr_wild_002483.jpg,2
wild/flickr_wild_002484.jpg,2
wild/flickr_wild_002485.jpg,2
wild/flickr_wild_002487.jpg,2
wild/flickr_wild_002488.jpg,2
wild/flickr_wild_002489.jpg,2
wild/flickr_wild_002490.jpg,2
wild/flickr_wild_002491.jpg,2
wild/flickr_wild_002492.jpg,2
wild/flickr_wild_002493.jpg,2
wild/flickr_wild_002494.jpg,2
wild/flickr_wild_002495.jpg,2
wild/flickr_wild_002496.jpg,2
wild/flickr_wild_002497.jpg,2
wild/flickr_wild_002498.jpg,2
wild/flickr_wild_002499.jpg,2
wild/flickr_wild_002502.jpg,2
wild/flickr_wild_002503.jpg,2
wild/flickr_wild_002504.jpg,2
wild/flickr_wild_002505.jpg,2
wild/flickr_wild_002506.jpg,2
wild/flickr_wild_002507.jpg,2
wild/flickr_wild_002509.jpg,2
wild/flickr_wild_002510.jpg,2
wild/flickr_wild_002511.jpg,2
wild/flickr_wild_002512.jpg,2
wild/flickr_wild_002513.jpg,2
wild/flickr_wild_002514.jpg,2
wild/flickr_wild_002515.jpg,2
wild/flickr_wild_002516.jpg,2
wild/flickr_wild_002518.jpg,2
wild/flickr_wild_002519.jpg,2
wild/flickr_wild_002521.jpg,2
wild/flickr_wild_002522.jpg,2
wild/flickr_wild_002523.jpg,2
wild/flickr_wild_002525.jpg,2
wild/flickr_wild_002526.jpg,2
wild/flickr_wild_002527.jpg,2
wild/flickr_wild_002528.jpg,2
wild/flickr_wild_002529.jpg,2
wild/flickr_wild_002530.jpg,2
wild/flickr_wild_002531.jpg,2
wild/flickr_wild_002532.jpg,0
wild/flickr_wild_002533.jpg,2
wild/flickr_wild_002534.jpg,2
wild/flickr_wild_002535.jpg,2
wild/flickr_wild_002536.jpg,2
wild/flickr_wild_002537.jpg,2
wild/flickr_wild_002538.jpg,2
wild/flickr_wild_002539.jpg,2
wild/flickr_wild_002540.jpg,6
wild/flickr_wild_002541.jpg,6
wild/flickr_wild_002543.jpg,6
wild/flickr_wild_002546.jpg,6
wild/flickr_wild_002547.jpg,6
wild/flickr_wild_002548.jpg,6
wild/flickr_wild_002549.jpg,6
wild/flickr_wild_002550.jpg,6
wild/flickr_wild_002551.jpg,6
wild/flickr_wild_002552.jpg,6
wild/flickr_wild_002554.jpg,6
wild/flickr_wild_002555.jpg,6
wild/flickr_wild_002556.jpg,6
wild/flickr_wild_002557.jpg,6
wild/flickr_wild_002559.jpg,6
wild/flickr_wild_002560.jpg,6
wild/flickr_wild_002561.jpg,6
wild/flickr_wild_002563.jpg,6
wild/flickr_wild_002564.jpg,6
wild/flickr_wild_002566.jpg,6
wild/flickr_wild_002567.jpg,6
wild/flickr_wild_002568.jpg,6
wild/flickr_wild_002569.jpg,6
wild/flickr_wild_002570.jpg,0
wild/flickr_wild_002572.jpg,6
wild/flickr_wild_002573.jpg,6
wild/flickr_wild_002574.jpg,6
wild/flickr_wild_002575.jpg,6
wild/flickr_wild_002576.jpg,6
wild/flickr_wild_002577.jpg,6
wild/flickr_wild_002579.jpg,0
wild/flickr_wild_002580.jpg,6
wild/flickr_wild_002581.jpg,6
wild/flickr_wild_002582.jpg,6
wild/flickr_wild_002583.jpg,6
wild/flickr_wild_002584.jpg,6
wild/flickr_wild_002585.jpg,6
wild/flickr_wild_002586.jpg,6
wild/flickr_wild_002587.jpg,6
wild/flickr_wild_002588.jpg,6
wild/flickr_wild_002589.jpg,6
wild/flickr_wild_002590.jpg,6
wild/flickr_wild_002591.jpg,6
wild/flickr_wild_002592.jpg,6
wild/flickr_wild_002593.jpg,0
wild/flickr_wild_002594.jpg,6
wild/flickr_wild_002595.jpg,6
wild/flickr_wild_002596.jpg,6
wild/flickr_wild_002597.jpg,6
wild/flickr_wild_002598.jpg,6
wild/flickr_wild_002599.jpg,6
wild/flickr_wild_002600.jpg,6
wild/flickr_wild_002601.jpg,6
wild/flickr_wild_002602.jpg,6
wild/flickr_wild_002604.jpg,6
wild/flickr_wild_002605.jpg,6
wild/flickr_wild_002606.jpg,6
wild/flickr_wild_002607.jpg,6
wild/flickr_wild_002608.jpg,6
wild/flickr_wild_002609.jpg,0
wild/flickr_wild_002610.jpg,6
wild/flickr_wild_002611.jpg,6
wild/flickr_wild_002612.jpg,6
wild/flickr_wild_002613.jpg,6
wild/flickr_wild_002615.jpg,6
wild/flickr_wild_002616.jpg,6
wild/flickr_wild_002617.jpg,6
wild/flickr_wild_002618.jpg,6
wild/flickr_wild_002619.jpg,6
wild/flickr_wild_002620.jpg,6
wild/flickr_wild_002621.jpg,6
wild/flickr_wild_002622.jpg,6
wild/flickr_wild_002623.jpg,6
wild/flickr_wild_002624.jpg,6
wild/flickr_wild_002625.jpg,6
wild/flickr_wild_002626.jpg,6
wild/flickr_wild_002627.jpg,6
wild/flickr_wild_002628.jpg,6
wild/flickr_wild_002629.jpg,6
wild/flickr_wild_002630.jpg,6
wild/flickr_wild_002631.jpg,6
wild/flickr_wild_002632.jpg,6
wild/flickr_wild_002633.jpg,6
wild/flickr_wild_002634.jpg,6
wild/flickr_wild_002635.jpg,6
wild/flickr_wild_002636.jpg,6
wild/flickr_wild_002638.jpg,6
wild/flickr_wild_002639.jpg,6
wild/flickr_wild_002640.jpg,6
wild/flickr_wild_002641.jpg,6
wild/flickr_wild_002642.jpg,6
wild/flickr_wild_002643.jpg,6
wild/flickr_wild_002644.jpg,6
wild/flickr_wild_002645.jpg,6
wild/flickr_wild_002646.jpg,6
wild/flickr_wild_002647.jpg,6
wild/flickr_wild_002648.jpg,6
wild/flickr_wild_002649.jpg,6
wild/flickr_wild_002650.jpg,6
wild/flickr_wild_002651.jpg,6
wild/flickr_wild_002652.jpg,2
wild/flickr_wild_002653.jpg,2
wild/flickr_wild_002654.jpg,2
wild/flickr_wild_002655.jpg,2
wild/flickr_wild_002656.jpg,2
wild/flickr_wild_002657.jpg,2
wild/flickr_wild_002658.jpg,2
wild/flickr_wild_002659.jpg,2
wild/flickr_wild_002660.jpg,2
wild/flickr_wild_002661.jpg,2
wild/flickr_wild_002662.jpg,2
wild/flickr_wild_002663.jpg,2
wild/flickr_wild_002664.jpg,2
wild/flickr_wild_002665.jpg,2
wild/flickr_wild_002666.jpg,2
wild/flickr_wild_002667.jpg,2
wild/flickr_wild_002668.jpg,6
wild/flickr_wild_002669.jpg,2
wild/flickr_wild_002670.jpg,2
wild/flickr_wild_002671.jpg,2
wild/flickr_wild_002672.jpg,2
wild/flickr_wild_002673.jpg,2
wild/flickr_wild_002674.jpg,2
wild/flickr_wild_002675.jpg,2
wild/flickr_wild_002677.jpg,2
wild/flickr_wild_002678.jpg,2
wild/flickr_wild_002679.jpg,2
wild/flickr_wild_002680.jpg,2
wild/flickr_wild_002681.jpg,2
wild/flickr_wild_002682.jpg,2
wild/flickr_wild_002683.jpg,2
wild/flickr_wild_002684.jpg,2
wild/flickr_wild_002685.jpg,2
wild/flickr_wild_002687.jpg,2
wild/flickr_wild_002688.jpg,2
wild/flickr_wild_002689.jpg,2
wild/flickr_wild_002690.jpg,2
wild/flickr_wild_002691.jpg,2
wild/flickr_wild_002692.jpg,2
wild/flickr_wild_002693.jpg,2
wild/flickr_wild_002695.jpg,2
wild/flickr_wild_002696.jpg,2
wild/flickr_wild_002697.jpg,2
wild/flickr_wild_002698.jpg,2
wild/flickr_wild_002699.jpg,2
wild/flickr_wild_002700.jpg,2
wild/flickr_wild_002701.jpg,2
wild/flickr_wild_002702.jpg,2
wild/flickr_wild_002703.jpg,2
wild/flickr_wild_002704.jpg,2
wild/flickr_wild_002705.jpg,2
wild/flickr_wild_002706.jpg,2
wild/flickr_wild_002707.jpg,2
wild/flickr_wild_002708.jpg,2
wild/flickr_wild_002710.jpg,2
wild/flickr_wild_002711.jpg,2
wild/flickr_wild_002712.jpg,2
wild/flickr_wild_002715.jpg,2
wild/flickr_wild_002716.jpg,2
wild/flickr_wild_002717.jpg,2
wild/flickr_wild_002718.jpg,2
wild/flickr_wild_002719.jpg,2
wild/flickr_wild_002720.jpg,2
wild/flickr_wild_002721.jpg,2
wild/flickr_wild_002722.jpg,2
wild/flickr_wild_002723.jpg,2
wild/flickr_wild_002724.jpg,2
wild/flickr_wild_002725.jpg,2
wild/flickr_wild_002727.jpg,2
wild/flickr_wild_002728.jpg,2
wild/flickr_wild_002729.jpg,2
wild/flickr_wild_002730.jpg,2
wild/flickr_wild_002731.jpg,2
wild/flickr_wild_002732.jpg,2
wild/flickr_wild_002734.jpg,2
wild/flickr_wild_002735.jpg,2
wild/flickr_wild_002736.jpg,2
wild/flickr_wild_002737.jpg,2
wild/flickr_wild_002738.jpg,2
wild/flickr_wild_002739.jpg,2
wild/flickr_wild_002740.jpg,2
wild/flickr_wild_002741.jpg,2
wild/flickr_wild_002742.jpg,2
wild/flickr_wild_002743.jpg,2
wild/flickr_wild_002744.jpg,2
wild/flickr_wild_002745.jpg,2
wild/flickr_wild_002746.jpg,2
wild/flickr_wild_002748.jpg,2
wild/flickr_wild_002749.jpg,2
wild/flickr_wild_002750.jpg,2
wild/flickr_wild_002751.jpg,2
wild/flickr_wild_002752.jpg,2
wild/flickr_wild_002753.jpg,2
wild/flickr_wild_002755.jpg,2
wild/flickr_wild_002756.jpg,2
wild/flickr_wild_002757.jpg,2
wild/flickr_wild_002758.jpg,2
wild/flickr_wild_002759.jpg,2
wild/flickr_wild_002760.jpg,2
wild/flickr_wild_002761.jpg,2
wild/flickr_wild_002762.jpg,2
wild/flickr_wild_002763.jpg,2
wild/flickr_wild_002764.jpg,2
wild/flickr_wild_002765.jpg,2
wild/flickr_wild_002766.jpg,2
wild/flickr_wild_002767.jpg,2
wild/flickr_wild_002768.jpg,2
wild/flickr_wild_002769.jpg,2
wild/flickr_wild_002770.jpg,2
wild/flickr_wild_002771.jpg,2
wild/flickr_wild_002772.jpg,2
wild/flickr_wild_002773.jpg,2
wild/flickr_wild_002774.jpg,2
wild/flickr_wild_002776.jpg,2
wild/flickr_wild_002777.jpg,2
wild/flickr_wild_002778.jpg,2
wild/flickr_wild_002779.jpg,2
wild/flickr_wild_002780.jpg,2
wild/flickr_wild_002781.jpg,6
wild/flickr_wild_002782.jpg,6
wild/flickr_wild_002783.jpg,6
wild/flickr_wild_002786.jpg,6
wild/flickr_wild_002787.jpg,6
wild/flickr_wild_002788.jpg,6
wild/flickr_wild_002789.jpg,6
wild/flickr_wild_002790.jpg,6
wild/flickr_wild_002791.jpg,6
wild/flickr_wild_002792.jpg,6
wild/flickr_wild_002793.jpg,6
wild/flickr_wild_002794.jpg,6
wild/flickr_wild_002795.jpg,6
wild/flickr_wild_002796.jpg,6
wild/flickr_wild_002797.jpg,6
wild/flickr_wild_002798.jpg,6
wild/flickr_wild_002799.jpg,6
wild/flickr_wild_002800.jpg,0
wild/flickr_wild_002802.jpg,6
wild/flickr_wild_002803.jpg,0
wild/flickr_wild_002804.jpg,6
wild/flickr_wild_002805.jpg,3
wild/flickr_wild_002806.jpg,3
wild/flickr_wild_002807.jpg,3
wild/flickr_wild_002808.jpg,3
wild/flickr_wild_002810.jpg,3
wild/flickr_wild_002811.jpg,3
wild/flickr_wild_002812.jpg,3
wild/flickr_wild_002813.jpg,3
wild/flickr_wild_002814.jpg,3
wild/flickr_wild_002815.jpg,3
wild/flickr_wild_002816.jpg,3
wild/flickr_wild_002817.jpg,3
wild/flickr_wild_002818.jpg,3
wild/flickr_wild_002819.jpg,3
wild/flickr_wild_002820.jpg,3
wild/flickr_wild_002821.jpg,3
wild/flickr_wild_002822.jpg,3
wild/flickr_wild_002823.jpg,3
wild/flickr_wild_002824.jpg,3
wild/flickr_wild_002825.jpg,3
wild/flickr_wild_002826.jpg,3
wild/flickr_wild_002827.jpg,3
wild/flickr_wild_002828.jpg,3
wild/flickr_wild_002830.jpg,3
wild/flickr_wild_002831.jpg,3
wild/flickr_wild_002832.jpg,3
wild/flickr_wild_002833.jpg,3
wild/flickr_wild_002834.jpg,3
wild/flickr_wild_002835.jpg,3
wild/flickr_wild_002836.jpg,3
wild/flickr_wild_002837.jpg,3
wild/flickr_wild_002838.jpg,3
wild/flickr_wild_002839.jpg,3
wild/flickr_wild_002840.jpg,3
wild/flickr_wild_002841.jpg,3
wild/flickr_wild_002842.jpg,3
wild/flickr_wild_002843.jpg,3
wild/flickr_wild_002844.jpg,3
wild/flickr_wild_002845.jpg,3
wild/flickr_wild_002846.jpg,3
wild/flickr_wild_002847.jpg,3
wild/flickr_wild_002848.jpg,3
wild/flickr_wild_002849.jpg,3
wild/flickr_wild_002850.jpg,3
wild/flickr_wild_002851.jpg,3
wild/flickr_wild_002852.jpg,3
wild/flickr_wild_002853.jpg,3
wild/flickr_wild_002854.jpg,3
wild/flickr_wild_002855.jpg,3
wild/flickr_wild_002857.jpg,3
wild/flickr_wild_002858.jpg,3
wild/flickr_wild_002859.jpg,3
wild/flickr_wild_002860.jpg,3
wild/flickr_wild_002861.jpg,3
wild/flickr_wild_002862.jpg,3
wild/flickr_wild_002863.jpg,3
wild/flickr_wild_002864.jpg,3
wild/flickr_wild_002865.jpg,3
wild/flickr_wild_002866.jpg,3
wild/flickr_wild_002868.jpg,3
wild/flickr_wild_002869.jpg,3
wild/flickr_wild_002870.jpg,3
wild/flickr_wild_002872.jpg,3
wild/flickr_wild_002873.jpg,3
wild/flickr_wild_002875.jpg,3
wild/flickr_wild_002876.jpg,3
wild/flickr_wild_002877.jpg,3
wild/flickr_wild_002878.jpg,3
wild/flickr_wild_002879.jpg,3
wild/flickr_wild_002880.jpg,3
wild/flickr_wild_002881.jpg,3
wild/flickr_wild_002882.jpg,3
wild/flickr_wild_002883.jpg,3
wild/flickr_wild_002884.jpg,3
wild/flickr_wild_002885.jpg,3
wild/flickr_wild_002887.jpg,3
wild/flickr_wild_002888.jpg,3
wild/flickr_wild_002889.jpg,3
wild/flickr_wild_002890.jpg,3
wild/flickr_wild_002891.jpg,3
wild/flickr_wild_002892.jpg,3
wild/flickr_wild_002893.jpg,3
wild/flickr_wild_002894.jpg,3
wild/flickr_wild_002895.jpg,3
wild/flickr_wild_002897.jpg,3
wild/flickr_wild_002898.jpg,2
wild/flickr_wild_002899.jpg,3
wild/flickr_wild_002900.jpg,3
wild/flickr_wild_002901.jpg,3
wild/flickr_wild_002902.jpg,3
wild/flickr_wild_002903.jpg,3
wild/flickr_wild_002904.jpg,3
wild/flickr_wild_002905.jpg,3
wild/flickr_wild_002906.jpg,3
wild/flickr_wild_002907.jpg,3
wild/flickr_wild_002908.jpg,3
wild/flickr_wild_002909.jpg,3
wild/flickr_wild_002910.jpg,3
wild/flickr_wild_002911.jpg,3
wild/flickr_wild_002912.jpg,3
wild/flickr_wild_002913.jpg,3
wild/flickr_wild_002915.jpg,3
wild/flickr_wild_002916.jpg,3
wild/flickr_wild_002917.jpg,3
wild/flickr_wild_002918.jpg,3
wild/flickr_wild_002919.jpg,3
wild/flickr_wild_002920.jpg,3
wild/flickr_wild_002921.jpg,3
wild/flickr_wild_002922.jpg,3
wild/flickr_wild_002923.jpg,3
wild/flickr_wild_002925.jpg,3
wild/flickr_wild_002927.jpg,3
wild/flickr_wild_002928.jpg,3
wild/flickr_wild_002930.jpg,3
wild/flickr_wild_002931.jpg,3
wild/flickr_wild_002932.jpg,3
wild/flickr_wild_002934.jpg,3
wild/flickr_wild_002935.jpg,3
wild/flickr_wild_002937.jpg,3
wild/flickr_wild_002938.jpg,3
wild/flickr_wild_002939.jpg,3
wild/flickr_wild_002940.jpg,3
wild/flickr_wild_002941.jpg,3
wild/flickr_wild_002943.jpg,3
wild/flickr_wild_002944.jpg,3
wild/flickr_wild_002945.jpg,3
wild/flickr_wild_002947.jpg,3
wild/flickr_wild_002949.jpg,3
wild/flickr_wild_002950.jpg,3
wild/flickr_wild_002951.jpg,3
wild/flickr_wild_002952.jpg,3
wild/flickr_wild_002953.jpg,3
wild/flickr_wild_002954.jpg,3
wild/flickr_wild_002957.jpg,3
wild/flickr_wild_002958.jpg,3
wild/flickr_wild_002959.jpg,3
wild/flickr_wild_002960.jpg,3
wild/flickr_wild_002961.jpg,3
wild/flickr_wild_002962.jpg,3
wild/flickr_wild_002963.jpg,3
wild/flickr_wild_002964.jpg,3
wild/flickr_wild_002965.jpg,3
wild/flickr_wild_002966.jpg,3
wild/flickr_wild_002967.jpg,3
wild/flickr_wild_002968.jpg,3
wild/flickr_wild_002969.jpg,3
wild/flickr_wild_002970.jpg,3
wild/flickr_wild_002972.jpg,3
wild/flickr_wild_002973.jpg,3
wild/flickr_wild_002974.jpg,3
wild/flickr_wild_002975.jpg,3
wild/flickr_wild_002976.jpg,3
wild/flickr_wild_002977.jpg,3
wild/flickr_wild_002978.jpg,3
wild/flickr_wild_002979.jpg,3
wild/flickr_wild_002980.jpg,3
wild/flickr_wild_002981.jpg,3
wild/flickr_wild_002982.jpg,3
wild/flickr_wild_002983.jpg,3
wild/flickr_wild_002984.jpg,3
wild/flickr_wild_002985.jpg,3
wild/flickr_wild_002986.jpg,3
wild/flickr_wild_002987.jpg,3
wild/flickr_wild_002988.jpg,3
wild/flickr_wild_002989.jpg,3
wild/flickr_wild_002990.jpg,3
wild/flickr_wild_002991.jpg,3
wild/flickr_wild_002992.jpg,3
wild/flickr_wild_002993.jpg,3
wild/flickr_wild_002995.jpg,3
wild/flickr_wild_002996.jpg,3
wild/flickr_wild_002997.jpg,3
wild/flickr_wild_002999.jpg,3
wild/flickr_wild_003001.jpg,3
wild/flickr_wild_003002.jpg,3
wild/flickr_wild_003003.jpg,3
wild/flickr_wild_003004.jpg,3
wild/flickr_wild_003005.jpg,3
wild/flickr_wild_003006.jpg,3
wild/flickr_wild_003007.jpg,3
wild/flickr_wild_003008.jpg,3
wild/flickr_wild_003009.jpg,3
wild/flickr_wild_003010.jpg,3
wild/flickr_wild_003011.jpg,3
wild/flickr_wild_003012.jpg,3
wild/flickr_wild_003013.jpg,3
wild/flickr_wild_003014.jpg,3
wild/flickr_wild_003015.jpg,3
wild/flickr_wild_003016.jpg,3
wild/flickr_wild_003017.jpg,3
wild/flickr_wild_003018.jpg,3
wild/flickr_wild_003019.jpg,3
wild/flickr_wild_003020.jpg,3
wild/flickr_wild_003021.jpg,3
wild/flickr_wild_003022.jpg,3
wild/flickr_wild_003023.jpg,3
wild/flickr_wild_003024.jpg,3
wild/flickr_wild_003025.jpg,3
wild/flickr_wild_003027.jpg,3
wild/flickr_wild_003028.jpg,3
wild/flickr_wild_003029.jpg,3
wild/flickr_wild_003030.jpg,3
wild/flickr_wild_003031.jpg,3
wild/flickr_wild_003032.jpg,3
wild/flickr_wild_003033.jpg,3
wild/flickr_wild_003034.jpg,3
wild/flickr_wild_003035.jpg,3
wild/flickr_wild_003036.jpg,3
wild/flickr_wild_003037.jpg,3
wild/flickr_wild_003038.jpg,3
wild/flickr_wild_003039.jpg,3
wild/flickr_wild_003040.jpg,3
wild/flickr_wild_003041.jpg,3
wild/flickr_wild_003042.jpg,3
wild/flickr_wild_003043.jpg,3
wild/flickr_wild_003044.jpg,3
wild/flickr_wild_003045.jpg,3
wild/flickr_wild_003046.jpg,3
wild/flickr_wild_003047.jpg,3
wild/flickr_wild_003048.jpg,3
wild/flickr_wild_003049.jpg,3
wild/flickr_wild_003050.jpg,3
wild/flickr_wild_003051.jpg,3
wild/flickr_wild_003052.jpg,3
wild/flickr_wild_003053.jpg,3
wild/flickr_wild_003054.jpg,3
wild/flickr_wild_003055.jpg,3
wild/flickr_wild_003056.jpg,3
wild/flickr_wild_003057.jpg,1
wild/flickr_wild_003058.jpg,3
wild/flickr_wild_003059.jpg,3
wild/flickr_wild_003062.jpg,3
wild/flickr_wild_003063.jpg,3
wild/flickr_wild_003064.jpg,3
wild/flickr_wild_003066.jpg,3
wild/flickr_wild_003068.jpg,3
wild/flickr_wild_003069.jpg,3
wild/flickr_wild_003070.jpg,3
wild/flickr_wild_003071.jpg,3
wild/flickr_wild_003072.jpg,3
wild/flickr_wild_003074.jpg,3
wild/flickr_wild_003075.jpg,3
wild/flickr_wild_003076.jpg,3
wild/flickr_wild_003077.jpg,3
wild/flickr_wild_003078.jpg,3
wild/flickr_wild_003079.jpg,3
wild/flickr_wild_003080.jpg,3
wild/flickr_wild_003081.jpg,3
wild/flickr_wild_003082.jpg,3
wild/flickr_wild_003083.jpg,3
wild/flickr_wild_003084.jpg,3
wild/flickr_wild_003086.jpg,3
wild/flickr_wild_003087.jpg,3
wild/flickr_wild_003088.jpg,3
wild/flickr_wild_003089.jpg,3
wild/flickr_wild_003090.jpg,3
wild/flickr_wild_003091.jpg,3
wild/flickr_wild_003092.jpg,3
wild/flickr_wild_003093.jpg,3
wild/flickr_wild_003094.jpg,3
wild/flickr_wild_003095.jpg,3
wild/flickr_wild_003096.jpg,3
wild/flickr_wild_003097.jpg,3
wild/flickr_wild_003098.jpg,3
wild/flickr_wild_003099.jpg,3
wild/flickr_wild_003100.jpg,3
wild/flickr_wild_003101.jpg,3
wild/flickr_wild_003102.jpg,3
wild/flickr_wild_003103.jpg,3
wild/flickr_wild_003104.jpg,3
wild/flickr_wild_003105.jpg,3
wild/flickr_wild_003106.jpg,3
wild/flickr_wild_003107.jpg,3
wild/flickr_wild_003108.jpg,3
wild/flickr_wild_003109.jpg,3
wild/flickr_wild_003110.jpg,3
wild/flickr_wild_003111.jpg,3
wild/flickr_wild_003112.jpg,3
wild/flickr_wild_003113.jpg,3
wild/flickr_wild_003114.jpg,3
wild/flickr_wild_003115.jpg,3
wild/flickr_wild_003116.jpg,3
wild/flickr_wild_003117.jpg,3
wild/flickr_wild_003118.jpg,3
wild/flickr_wild_003119.jpg,3
wild/flickr_wild_003121.jpg,3
wild/flickr_wild_003122.jpg,3
wild/flickr_wild_003123.jpg,3
wild/flickr_wild_003124.jpg,3
wild/flickr_wild_003125.jpg,3
wild/flickr_wild_003126.jpg,3
wild/flickr_wild_003127.jpg,3
wild/flickr_wild_003128.jpg,3
wild/flickr_wild_003129.jpg,4
wild/flickr_wild_003131.jpg,4
wild/flickr_wild_003132.jpg,4
wild/flickr_wild_003133.jpg,4
wild/flickr_wild_003134.jpg,4
wild/flickr_wild_003135.jpg,4
wild/flickr_wild_003136.jpg,4
wild/flickr_wild_003138.jpg,4
wild/flickr_wild_003139.jpg,4
wild/flickr_wild_003140.jpg,4
wild/flickr_wild_003141.jpg,4
wild/flickr_wild_003142.jpg,4
wild/flickr_wild_003143.jpg,4
wild/flickr_wild_003144.jpg,4
wild/flickr_wild_003146.jpg,4
wild/flickr_wild_003147.jpg,4
wild/flickr_wild_003150.jpg,4
wild/flickr_wild_003151.jpg,4
wild/flickr_wild_003152.jpg,4
wild/flickr_wild_003153.jpg,4
wild/flickr_wild_003154.jpg,4
wild/flickr_wild_003155.jpg,4
wild/flickr_wild_003157.jpg,4
wild/flickr_wild_003158.jpg,4
wild/flickr_wild_003159.jpg,4
wild/flickr_wild_003160.jpg,4
wild/flickr_wild_003161.jpg,4
wild/flickr_wild_003162.jpg,4
wild/flickr_wild_003163.jpg,0
wild/flickr_wild_003164.jpg,4
wild/flickr_wild_003165.jpg,4
wild/flickr_wild_003166.jpg,4
wild/flickr_wild_003167.jpg,0
wild/flickr_wild_003168.jpg,4
wild/flickr_wild_003170.jpg,4
wild/flickr_wild_003171.jpg,0
wild/flickr_wild_003172.jpg,4
wild/flickr_wild_003174.jpg,4
wild/flickr_wild_003175.jpg,4
wild/flickr_wild_003176.jpg,0
wild/flickr_wild_003177.jpg,4
wild/flickr_wild_003178.jpg,4
wild/flickr_wild_003179.jpg,4
wild/flickr_wild_003180.jpg,4
wild/flickr_wild_003181.jpg,4
wild/flickr_wild_003182.jpg,4
wild/flickr_wild_003184.jpg,4
wild/flickr_wild_003185.jpg,4
wild/flickr_wild_003187.jpg,4
wild/flickr_wild_003188.jpg,4
wild/flickr_wild_003189.jpg,4
wild/flickr_wild_003191.jpg,4
wild/flickr_wild_003194.jpg,4
wild/flickr_wild_003195.jpg,4
wild/flickr_wild_003196.jpg,4
wild/flickr_wild_003198.jpg,4
wild/flickr_wild_003199.jpg,4
wild/flickr_wild_003200.jpg,4
wild/flickr_wild_003201.jpg,4
wild/flickr_wild_003202.jpg,4
wild/flickr_wild_003203.jpg,4
wild/flickr_wild_003204.jpg,4
wild/flickr_wild_003205.jpg,4
wild/flickr_wild_003206.jpg,4
wild/flickr_wild_003210.jpg,4
wild/flickr_wild_003211.jpg,4
wild/flickr_wild_003212.jpg,4
wild/flickr_wild_003213.jpg,4
wild/flickr_wild_003214.jpg,4
wild/flickr_wild_003215.jpg,4
wild/flickr_wild_003216.jpg,4
wild/flickr_wild_003217.jpg,4
wild/flickr_wild_003218.jpg,4
wild/flickr_wild_003219.jpg,4
wild/flickr_wild_003220.jpg,4
wild/flickr_wild_003221.jpg,4
wild/flickr_wild_003222.jpg,4
wild/flickr_wild_003223.jpg,4
wild/flickr_wild_003224.jpg,4
wild/flickr_wild_003225.jpg,4
wild/flickr_wild_003226.jpg,4
wild/flickr_wild_003227.jpg,4
wild/flickr_wild_003228.jpg,4
wild/flickr_wild_003229.jpg,4
wild/flickr_wild_003232.jpg,4
wild/flickr_wild_003233.jpg,4
wild/flickr_wild_003235.jpg,4
wild/flickr_wild_003236.jpg,4
wild/flickr_wild_003237.jpg,0
wild/flickr_wild_003239.jpg,0
wild/flickr_wild_003240.jpg,4
wild/flickr_wild_003241.jpg,4
wild/flickr_wild_003242.jpg,4
wild/flickr_wild_003243.jpg,4
wild/flickr_wild_003244.jpg,4
wild/flickr_wild_003245.jpg,4
wild/flickr_wild_003247.jpg,4
wild/flickr_wild_003248.jpg,4
wild/flickr_wild_003249.jpg,4
wild/flickr_wild_003250.jpg,4
wild/flickr_wild_003251.jpg,6
wild/flickr_wild_003252.jpg,4
wild/flickr_wild_003253.jpg,4
wild/flickr_wild_003254.jpg,4
wild/flickr_wild_003255.jpg,4
wild/flickr_wild_003256.jpg,4
wild/flickr_wild_003257.jpg,4
wild/flickr_wild_003258.jpg,4
wild/flickr_wild_003259.jpg,4
wild/flickr_wild_003260.jpg,4
wild/flickr_wild_003261.jpg,4
wild/flickr_wild_003262.jpg,4
wild/flickr_wild_003264.jpg,4
wild/flickr_wild_003265.jpg,4
wild/flickr_wild_003266.jpg,4
wild/flickr_wild_003267.jpg,4
wild/flickr_wild_003268.jpg,4
wild/flickr_wild_003269.jpg,4
wild/flickr_wild_003270.jpg,4
wild/flickr_wild_003271.jpg,4
wild/flickr_wild_003272.jpg,4
wild/flickr_wild_003273.jpg,4
wild/flickr_wild_003274.jpg,4
wild/flickr_wild_003275.jpg,4
wild/flickr_wild_003276.jpg,4
wild/flickr_wild_003277.jpg,4
wild/flickr_wild_003278.jpg,4
wild/flickr_wild_003279.jpg,4
wild/flickr_wild_003280.jpg,4
wild/flickr_wild_003281.jpg,4
wild/flickr_wild_003282.jpg,4
wild/flickr_wild_003283.jpg,4
wild/flickr_wild_003284.jpg,4
wild/flickr_wild_003285.jpg,4
wild/flickr_wild_003286.jpg,4
wild/flickr_wild_003287.jpg,4
wild/flickr_wild_003288.jpg,4
wild/flickr_wild_003289.jpg,4
wild/flickr_wild_003290.jpg,4
wild/flickr_wild_003291.jpg,4
wild/flickr_wild_003292.jpg,4
wild/flickr_wild_003293.jpg,4
wild/flickr_wild_003294.jpg,4
wild/flickr_wild_003295.jpg,4
wild/flickr_wild_003296.jpg,4
wild/flickr_wild_003297.jpg,4
wild/flickr_wild_003298.jpg,4
wild/flickr_wild_003299.jpg,4
wild/flickr_wild_003300.jpg,4
wild/flickr_wild_003301.jpg,4
wild/flickr_wild_003302.jpg,4
wild/flickr_wild_003303.jpg,4
wild/flickr_wild_003304.jpg,4
wild/flickr_wild_003305.jpg,4
wild/flickr_wild_003306.jpg,4
wild/flickr_wild_003307.jpg,4
wild/flickr_wild_003308.jpg,4
wild/flickr_wild_003309.jpg,4
wild/flickr_wild_003310.jpg,4
wild/flickr_wild_003311.jpg,4
wild/flickr_wild_003312.jpg,4
wild/flickr_wild_003313.jpg,4
wild/flickr_wild_003314.jpg,4
wild/flickr_wild_003315.jpg,4
wild/flickr_wild_003316.jpg,4
wild/flickr_wild_003317.jpg,4
wild/flickr_wild_003318.jpg,4
wild/flickr_wild_003319.jpg,4
wild/flickr_wild_003320.jpg,4
wild/flickr_wild_003321.jpg,4
wild/flickr_wild_003322.jpg,4
wild/flickr_wild_003323.jpg,4
wild/flickr_wild_003325.jpg,4
wild/flickr_wild_003327.jpg,4
wild/flickr_wild_003328.jpg,4
wild/flickr_wild_003329.jpg,4
wild/flickr_wild_003330.jpg,4
wild/flickr_wild_003332.jpg,4
wild/flickr_wild_003333.jpg,4
wild/flickr_wild_003334.jpg,4
wild/flickr_wild_003336.jpg,4
wild/flickr_wild_003337.jpg,4
wild/flickr_wild_003338.jpg,4
wild/flickr_wild_003339.jpg,4
wild/flickr_wild_003340.jpg,4
wild/flickr_wild_003341.jpg,4
wild/flickr_wild_003342.jpg,4
wild/flickr_wild_003343.jpg,4
wild/flickr_wild_003344.jpg,4
wild/flickr_wild_003345.jpg,4
wild/flickr_wild_003347.jpg,2
wild/flickr_wild_003348.jpg,2
wild/flickr_wild_003349.jpg,2
wild/flickr_wild_003351.jpg,4
wild/flickr_wild_003352.jpg,4
wild/flickr_wild_003353.jpg,4
wild/flickr_wild_003354.jpg,4
wild/flickr_wild_003356.jpg,4
wild/flickr_wild_003358.jpg,4
wild/flickr_wild_003359.jpg,4
wild/flickr_wild_003360.jpg,4
wild/flickr_wild_003362.jpg,4
wild/flickr_wild_003363.jpg,4
wild/flickr_wild_003364.jpg,4
wild/flickr_wild_003365.jpg,4
wild/flickr_wild_003366.jpg,4
wild/flickr_wild_003368.jpg,4
wild/flickr_wild_003369.jpg,4
wild/flickr_wild_003370.jpg,4
wild/flickr_wild_003371.jpg,4
wild/flickr_wild_003372.jpg,4
wild/flickr_wild_003373.jpg,4
wild/flickr_wild_003374.jpg,4
wild/flickr_wild_003375.jpg,4
wild/flickr_wild_003376.jpg,4
wild/flickr_wild_003377.jpg,4
wild/flickr_wild_003378.jpg,4
wild/flickr_wild_003379.jpg,4
wild/flickr_wild_003381.jpg,4
wild/flickr_wild_003382.jpg,2
wild/flickr_wild_003383.jpg,4
wild/flickr_wild_003384.jpg,4
wild/flickr_wild_003385.jpg,4
wild/flickr_wild_003387.jpg,4
wild/flickr_wild_003390.jpg,4
wild/flickr_wild_003391.jpg,4
wild/flickr_wild_003393.jpg,4
wild/flickr_wild_003394.jpg,4
wild/flickr_wild_003395.jpg,4
wild/flickr_wild_003396.jpg,4
wild/flickr_wild_003397.jpg,4
wild/flickr_wild_003398.jpg,4
wild/flickr_wild_003400.jpg,4
wild/flickr_wild_003401.jpg,4
wild/flickr_wild_003402.jpg,4
wild/flickr_wild_003403.jpg,4
wild/flickr_wild_003404.jpg,4
wild/flickr_wild_003405.jpg,4
wild/flickr_wild_003406.jpg,4
wild/flickr_wild_003407.jpg,6
wild/flickr_wild_003409.jpg,6
wild/flickr_wild_003410.jpg,6
wild/flickr_wild_003411.jpg,6
wild/flickr_wild_003412.jpg,6
wild/flickr_wild_003413.jpg,6
wild/flickr_wild_003414.jpg,0
wild/flickr_wild_003415.jpg,6
wild/flickr_wild_003416.jpg,6
wild/flickr_wild_003417.jpg,6
wild/flickr_wild_003418.jpg,6
wild/flickr_wild_003419.jpg,6
wild/flickr_wild_003420.jpg,6
wild/flickr_wild_003422.jpg,6
wild/flickr_wild_003423.jpg,6
wild/flickr_wild_003424.jpg,6
wild/flickr_wild_003425.jpg,6
wild/flickr_wild_003426.jpg,6
wild/flickr_wild_003427.jpg,6
wild/flickr_wild_003428.jpg,6
wild/flickr_wild_003429.jpg,6
wild/flickr_wild_003430.jpg,6
wild/flickr_wild_003431.jpg,6
wild/flickr_wild_003432.jpg,0
wild/flickr_wild_003433.jpg,0
wild/flickr_wild_003434.jpg,6
wild/flickr_wild_003435.jpg,6
wild/flickr_wild_003437.jpg,6
wild/flickr_wild_003438.jpg,6
wild/flickr_wild_003439.jpg,6
wild/flickr_wild_003440.jpg,6
wild/flickr_wild_003441.jpg,6
wild/flickr_wild_003442.jpg,6
wild/flickr_wild_003443.jpg,6
wild/flickr_wild_003444.jpg,6
wild/flickr_wild_003445.jpg,6
wild/flickr_wild_003446.jpg,6
wild/flickr_wild_003447.jpg,6
wild/flickr_wild_003448.jpg,6
wild/flickr_wild_003450.jpg,6
wild/flickr_wild_003451.jpg,6
wild/flickr_wild_003452.jpg,6
wild/flickr_wild_003453.jpg,6
wild/flickr_wild_003454.jpg,0
wild/flickr_wild_003455.jpg,6
wild/flickr_wild_003456.jpg,6
wild/flickr_wild_003457.jpg,6
wild/flickr_wild_003458.jpg,6
wild/flickr_wild_003459.jpg,6
wild/flickr_wild_003460.jpg,6
wild/flickr_wild_003461.jpg,6
wild/flickr_wild_003462.jpg,6
wild/flickr_wild_003463.jpg,6
wild/flickr_wild_003464.jpg,6
wild/flickr_wild_003466.jpg,6
wild/flickr_wild_003467.jpg,6
wild/flickr_wild_003468.jpg,6
wild/flickr_wild_003469.jpg,6
wild/flickr_wild_003470.jpg,6
wild/flickr_wild_003471.jpg,6
wild/flickr_wild_003472.jpg,6
wild/flickr_wild_003473.jpg,6
wild/flickr_wild_003474.jpg,6
wild/flickr_wild_003476.jpg,6
wild/flickr_wild_003477.jpg,6
wild/flickr_wild_003478.jpg,6
wild/flickr_wild_003479.jpg,6
wild/flickr_wild_003480.jpg,6
wild/flickr_wild_003481.jpg,6
wild/flickr_wild_003482.jpg,6
wild/flickr_wild_003483.jpg,6
wild/flickr_wild_003484.jpg,6
wild/flickr_wild_003485.jpg,6
wild/flickr_wild_003486.jpg,6
wild/flickr_wild_003487.jpg,6
wild/flickr_wild_003488.jpg,6
wild/flickr_wild_003489.jpg,6
wild/flickr_wild_003490.jpg,6
wild/flickr_wild_003491.jpg,6
wild/flickr_wild_003492.jpg,6
wild/flickr_wild_003493.jpg,6
wild/flickr_wild_003494.jpg,6
wild/flickr_wild_003495.jpg,6
wild/flickr_wild_003496.jpg,6
wild/flickr_wild_003497.jpg,6
wild/flickr_wild_003499.jpg,6
wild/flickr_wild_003500.jpg,6
wild/flickr_wild_003502.jpg,6
wild/flickr_wild_003503.jpg,6
wild/flickr_wild_003504.jpg,6
wild/flickr_wild_003505.jpg,6
wild/flickr_wild_003507.jpg,6
wild/flickr_wild_003508.jpg,6
wild/flickr_wild_003509.jpg,6
wild/flickr_wild_003510.jpg,6
wild/flickr_wild_003511.jpg,6
wild/flickr_wild_003512.jpg,6
wild/flickr_wild_003514.jpg,6
wild/flickr_wild_003515.jpg,6
wild/flickr_wild_003516.jpg,6
wild/flickr_wild_003517.jpg,6
wild/flickr_wild_003518.jpg,6
wild/flickr_wild_003520.jpg,6
wild/flickr_wild_003521.jpg,6
wild/flickr_wild_003522.jpg,6
wild/flickr_wild_003523.jpg,6
wild/flickr_wild_003524.jpg,6
wild/flickr_wild_003525.jpg,6
wild/flickr_wild_003526.jpg,6
wild/flickr_wild_003527.jpg,4
wild/flickr_wild_003528.jpg,4
wild/flickr_wild_003529.jpg,4
wild/flickr_wild_003530.jpg,4
wild/flickr_wild_003531.jpg,4
wild/flickr_wild_003532.jpg,4
wild/flickr_wild_003533.jpg,4
wild/flickr_wild_003534.jpg,4
wild/flickr_wild_003535.jpg,4
wild/flickr_wild_003536.jpg,4
wild/flickr_wild_003537.jpg,4
wild/flickr_wild_003538.jpg,4
wild/flickr_wild_003539.jpg,4
wild/flickr_wild_003540.jpg,4
wild/flickr_wild_003541.jpg,4
wild/flickr_wild_003542.jpg,4
wild/flickr_wild_003544.jpg,4
wild/flickr_wild_003545.jpg,4
wild/flickr_wild_003546.jpg,4
wild/flickr_wild_003547.jpg,4
wild/flickr_wild_003548.jpg,4
wild/flickr_wild_003549.jpg,4
wild/flickr_wild_003550.jpg,4
wild/flickr_wild_003551.jpg,4
wild/flickr_wild_003552.jpg,4
wild/flickr_wild_003553.jpg,4
wild/flickr_wild_003554.jpg,4
wild/flickr_wild_003555.jpg,4
wild/flickr_wild_003556.jpg,4
wild/flickr_wild_003557.jpg,4
wild/flickr_wild_003558.jpg,4
wild/flickr_wild_003559.jpg,4
wild/flickr_wild_003560.jpg,4
wild/flickr_wild_003561.jpg,4
wild/flickr_wild_003562.jpg,4
wild/flickr_wild_003563.jpg,4
wild/flickr_wild_003564.jpg,4
wild/flickr_wild_003565.jpg,4
wild/flickr_wild_003566.jpg,4
wild/flickr_wild_003567.jpg,4
wild/flickr_wild_003568.jpg,4
wild/flickr_wild_003569.jpg,4
wild/flickr_wild_003570.jpg,4
wild/flickr_wild_003572.jpg,4
wild/flickr_wild_003573.jpg,4
wild/flickr_wild_003574.jpg,4
wild/flickr_wild_003575.jpg,4
wild/flickr_wild_003576.jpg,4
wild/flickr_wild_003577.jpg,4
wild/flickr_wild_003578.jpg,4
wild/flickr_wild_003579.jpg,4
wild/flickr_wild_003580.jpg,4
wild/flickr_wild_003581.jpg,4
wild/flickr_wild_003582.jpg,4
wild/flickr_wild_003583.jpg,4
wild/flickr_wild_003584.jpg,4
wild/flickr_wild_003585.jpg,4
wild/flickr_wild_003588.jpg,4
wild/flickr_wild_003589.jpg,4
wild/flickr_wild_003590.jpg,4
wild/flickr_wild_003591.jpg,4
wild/flickr_wild_003592.jpg,4
wild/flickr_wild_003593.jpg,4
wild/flickr_wild_003594.jpg,4
wild/flickr_wild_003595.jpg,4
wild/flickr_wild_003596.jpg,4
wild/flickr_wild_003597.jpg,4
wild/flickr_wild_003598.jpg,4
wild/flickr_wild_003599.jpg,4
wild/flickr_wild_003600.jpg,4
wild/flickr_wild_003601.jpg,4
wild/flickr_wild_003602.jpg,4
wild/flickr_wild_003604.jpg,4
wild/flickr_wild_003605.jpg,4
wild/flickr_wild_003606.jpg,4
wild/flickr_wild_003607.jpg,4
wild/flickr_wild_003608.jpg,4
wild/flickr_wild_003609.jpg,4
wild/flickr_wild_003610.jpg,4
wild/flickr_wild_003611.jpg,4
wild/flickr_wild_003612.jpg,4
wild/flickr_wild_003613.jpg,4
wild/flickr_wild_003614.jpg,4
wild/flickr_wild_003616.jpg,4
wild/flickr_wild_003618.jpg,4
wild/flickr_wild_003619.jpg,4
wild/flickr_wild_003620.jpg,4
wild/flickr_wild_003621.jpg,4
wild/flickr_wild_003622.jpg,4
wild/flickr_wild_003623.jpg,4
wild/flickr_wild_003624.jpg,4
wild/flickr_wild_003625.jpg,4
wild/flickr_wild_003626.jpg,4
wild/flickr_wild_003627.jpg,4
wild/flickr_wild_003628.jpg,4
wild/flickr_wild_003629.jpg,4
wild/flickr_wild_003630.jpg,4
wild/flickr_wild_003631.jpg,4
wild/flickr_wild_003632.jpg,4
wild/flickr_wild_003633.jpg,4
wild/flickr_wild_003634.jpg,4
wild/flickr_wild_003635.jpg,4
wild/flickr_wild_003636.jpg,4
wild/flickr_wild_003637.jpg,4
wild/flickr_wild_003638.jpg,4
wild/flickr_wild_003639.jpg,4
wild/flickr_wild_003640.jpg,4
wild/flickr_wild_003641.jpg,4
wild/flickr_wild_003642.jpg,4
wild/flickr_wild_003644.jpg,4
wild/flickr_wild_003645.jpg,4
wild/flickr_wild_003646.jpg,4
wild/flickr_wild_003647.jpg,4
wild/flickr_wild_003648.jpg,4
wild/flickr_wild_003649.jpg,4
wild/flickr_wild_003650.jpg,4
wild/flickr_wild_003651.jpg,4
wild/flickr_wild_003652.jpg,4
wild/flickr_wild_003653.jpg,4
wild/flickr_wild_003654.jpg,4
wild/flickr_wild_003655.jpg,4
wild/flickr_wild_003657.jpg,4
wild/flickr_wild_003658.jpg,4
wild/flickr_wild_003659.jpg,4
wild/flickr_wild_003660.jpg,4
wild/flickr_wild_003661.jpg,4
wild/flickr_wild_003662.jpg,4
wild/flickr_wild_003663.jpg,4
wild/flickr_wild_003664.jpg,4
wild/flickr_wild_003665.jpg,7
wild/flickr_wild_003666.jpg,4
wild/flickr_wild_003667.jpg,4
wild/flickr_wild_003668.jpg,4
wild/flickr_wild_003670.jpg,4
wild/flickr_wild_003671.jpg,4
wild/flickr_wild_003672.jpg,4
wild/flickr_wild_003673.jpg,4
wild/flickr_wild_003674.jpg,4
wild/flickr_wild_003675.jpg,4
wild/flickr_wild_003676.jpg,2
wild/flickr_wild_003677.jpg,2
wild/flickr_wild_003678.jpg,2
wild/flickr_wild_003679.jpg,2
wild/flickr_wild_003680.jpg,2
wild/flickr_wild_003681.jpg,2
wild/flickr_wild_003682.jpg,2
wild/flickr_wild_003683.jpg,2
wild/flickr_wild_003684.jpg,2
wild/flickr_wild_003685.jpg,2
wild/flickr_wild_003686.jpg,2
wild/flickr_wild_003687.jpg,2
wild/flickr_wild_003688.jpg,2
wild/flickr_wild_003689.jpg,2
wild/flickr_wild_003690.jpg,2
wild/flickr_wild_003691.jpg,2
wild/flickr_wild_003692.jpg,2
wild/flickr_wild_003693.jpg,2
wild/flickr_wild_003694.jpg,2
wild/flickr_wild_003695.jpg,2
wild/flickr_wild_003696.jpg,2
wild/flickr_wild_003697.jpg,2
wild/flickr_wild_003698.jpg,2
wild/flickr_wild_003699.jpg,2
wild/flickr_wild_003700.jpg,2
wild/flickr_wild_003701.jpg,2
wild/flickr_wild_003702.jpg,2
wild/flickr_wild_003703.jpg,2
wild/flickr_wild_003704.jpg,2
wild/flickr_wild_003705.jpg,2
wild/flickr_wild_003706.jpg,2
wild/flickr_wild_003707.jpg,2
wild/flickr_wild_003708.jpg,2
wild/flickr_wild_003709.jpg,2
wild/flickr_wild_003711.jpg,2
wild/flickr_wild_003713.jpg,2
wild/flickr_wild_003714.jpg,2
wild/flickr_wild_003715.jpg,2
wild/flickr_wild_003716.jpg,2
wild/flickr_wild_003717.jpg,2
wild/flickr_wild_003719.jpg,2
wild/flickr_wild_003720.jpg,2
wild/flickr_wild_003721.jpg,2
wild/flickr_wild_003722.jpg,2
wild/flickr_wild_003723.jpg,2
wild/flickr_wild_003724.jpg,2
wild/flickr_wild_003725.jpg,2
wild/flickr_wild_003726.jpg,2
wild/flickr_wild_003727.jpg,2
wild/flickr_wild_003728.jpg,2
wild/flickr_wild_003729.jpg,2
wild/flickr_wild_003730.jpg,2
wild/flickr_wild_003731.jpg,2
wild/flickr_wild_003732.jpg,2
wild/flickr_wild_003733.jpg,2
wild/flickr_wild_003735.jpg,2
wild/flickr_wild_003736.jpg,2
wild/flickr_wild_003737.jpg,2
wild/flickr_wild_003738.jpg,2
wild/flickr_wild_003739.jpg,2
wild/flickr_wild_003740.jpg,2
wild/flickr_wild_003741.jpg,2
wild/flickr_wild_003742.jpg,2
wild/flickr_wild_003743.jpg,2
wild/flickr_wild_003744.jpg,2
wild/flickr_wild_003745.jpg,2
wild/flickr_wild_003746.jpg,2
wild/flickr_wild_003747.jpg,2
wild/flickr_wild_003748.jpg,2
wild/flickr_wild_003749.jpg,2
wild/flickr_wild_003750.jpg,2
wild/flickr_wild_003751.jpg,2
wild/flickr_wild_003752.jpg,2
wild/flickr_wild_003753.jpg,2
wild/flickr_wild_003754.jpg,2
wild/flickr_wild_003755.jpg,2
wild/flickr_wild_003756.jpg,2
wild/flickr_wild_003757.jpg,2
wild/flickr_wild_003758.jpg,2
wild/flickr_wild_003759.jpg,2
wild/flickr_wild_003760.jpg,2
wild/flickr_wild_003762.jpg,2
wild/flickr_wild_003763.jpg,2
wild/flickr_wild_003764.jpg,2
wild/flickr_wild_003765.jpg,2
wild/flickr_wild_003766.jpg,2
wild/flickr_wild_003769.jpg,2
wild/flickr_wild_003770.jpg,2
wild/flickr_wild_003771.jpg,2
wild/flickr_wild_003772.jpg,2
wild/flickr_wild_003774.jpg,2
wild/flickr_wild_003775.jpg,2
wild/flickr_wild_003776.jpg,2
wild/flickr_wild_003778.jpg,2
wild/flickr_wild_003781.jpg,2
wild/flickr_wild_003782.jpg,2
wild/flickr_wild_003783.jpg,2
wild/flickr_wild_003784.jpg,2
wild/flickr_wild_003785.jpg,2
wild/flickr_wild_003787.jpg,2
wild/flickr_wild_003788.jpg,2
wild/flickr_wild_003789.jpg,2
wild/flickr_wild_003790.jpg,2
wild/flickr_wild_003792.jpg,2
wild/flickr_wild_003793.jpg,2
wild/flickr_wild_003794.jpg,2
wild/flickr_wild_003795.jpg,2
wild/flickr_wild_003797.jpg,2
wild/flickr_wild_003798.jpg,2
wild/flickr_wild_003799.jpg,2
wild/flickr_wild_003800.jpg,2
wild/flickr_wild_003801.jpg,2
wild/flickr_wild_003802.jpg,2
wild/flickr_wild_003803.jpg,2
wild/flickr_wild_003804.jpg,2
wild/flickr_wild_003805.jpg,2
wild/flickr_wild_003806.jpg,2
wild/flickr_wild_003807.jpg,2
wild/flickr_wild_003809.jpg,2
wild/flickr_wild_003810.jpg,2
wild/flickr_wild_003811.jpg,2
wild/flickr_wild_003812.jpg,2
wild/flickr_wild_003813.jpg,2
wild/flickr_wild_003814.jpg,2
wild/flickr_wild_003815.jpg,2
wild/flickr_wild_003816.jpg,2
wild/flickr_wild_003818.jpg,2
wild/flickr_wild_003819.jpg,2
wild/flickr_wild_003820.jpg,2
wild/flickr_wild_003821.jpg,2
wild/flickr_wild_003822.jpg,2
wild/flickr_wild_003824.jpg,2
wild/flickr_wild_003825.jpg,2
wild/flickr_wild_003826.jpg,2
wild/flickr_wild_003828.jpg,2
wild/flickr_wild_003829.jpg,2
wild/flickr_wild_003830.jpg,2
wild/flickr_wild_003832.jpg,2
wild/flickr_wild_003833.jpg,2
wild/flickr_wild_003834.jpg,2
wild/flickr_wild_003835.jpg,2
wild/flickr_wild_003836.jpg,2
wild/flickr_wild_003837.jpg,2
wild/flickr_wild_003838.jpg,2
wild/flickr_wild_003839.jpg,2
wild/flickr_wild_003841.jpg,2
wild/flickr_wild_003843.jpg,2
wild/flickr_wild_003844.jpg,2
wild/flickr_wild_003845.jpg,2
wild/flickr_wild_003846.jpg,2
wild/flickr_wild_003847.jpg,2
wild/flickr_wild_003848.jpg,2
wild/flickr_wild_003850.jpg,2
wild/flickr_wild_003851.jpg,2
wild/flickr_wild_003852.jpg,2
wild/flickr_wild_003853.jpg,2
wild/flickr_wild_003855.jpg,2
wild/flickr_wild_003856.jpg,2
wild/flickr_wild_003857.jpg,2
wild/flickr_wild_003858.jpg,2
wild/flickr_wild_003859.jpg,2
wild/flickr_wild_003860.jpg,2
wild/flickr_wild_003861.jpg,2
wild/flickr_wild_003862.jpg,2
wild/flickr_wild_003863.jpg,2
wild/flickr_wild_003864.jpg,2
wild/flickr_wild_003865.jpg,2
wild/flickr_wild_003866.jpg,2
wild/flickr_wild_003867.jpg,2
wild/flickr_wild_003868.jpg,2
wild/flickr_wild_003869.jpg,2
wild/flickr_wild_003870.jpg,2
wild/flickr_wild_003871.jpg,2
wild/flickr_wild_003872.jpg,2
wild/flickr_wild_003873.jpg,2
wild/flickr_wild_003874.jpg,2
wild/flickr_wild_003875.jpg,2
wild/flickr_wild_003876.jpg,2
wild/flickr_wild_003877.jpg,2
wild/flickr_wild_003878.jpg,3
wild/flickr_wild_003879.jpg,3
wild/flickr_wild_003880.jpg,3
wild/flickr_wild_003881.jpg,3
wild/flickr_wild_003883.jpg,3
wild/flickr_wild_003884.jpg,3
wild/flickr_wild_003885.jpg,3
wild/flickr_wild_003886.jpg,3
wild/flickr_wild_003887.jpg,3
wild/flickr_wild_003888.jpg,3
wild/flickr_wild_003889.jpg,3
wild/flickr_wild_003890.jpg,3
wild/flickr_wild_003891.jpg,3
wild/flickr_wild_003892.jpg,3
wild/flickr_wild_003893.jpg,3
wild/flickr_wild_003894.jpg,3
wild/flickr_wild_003895.jpg,3
wild/flickr_wild_003896.jpg,3
wild/flickr_wild_003897.jpg,3
wild/flickr_wild_003898.jpg,3
wild/flickr_wild_003899.jpg,3
wild/flickr_wild_003900.jpg,3
wild/flickr_wild_003901.jpg,3
wild/flickr_wild_003902.jpg,3
wild/flickr_wild_003903.jpg,3
wild/flickr_wild_003904.jpg,3
wild/flickr_wild_003905.jpg,3
wild/flickr_wild_003906.jpg,3
wild/flickr_wild_003907.jpg,3
wild/flickr_wild_003908.jpg,3
wild/flickr_wild_003909.jpg,3
wild/flickr_wild_003910.jpg,3
wild/flickr_wild_003911.jpg,3
wild/flickr_wild_003912.jpg,3
wild/flickr_wild_003913.jpg,3
wild/flickr_wild_003914.jpg,3
wild/flickr_wild_003915.jpg,3
wild/flickr_wild_003916.jpg,3
wild/flickr_wild_003917.jpg,3
wild/flickr_wild_003919.jpg,3
wild/flickr_wild_003920.jpg,3
wild/flickr_wild_003921.jpg,3
wild/flickr_wild_003922.jpg,3
wild/flickr_wild_003923.jpg,3
wild/flickr_wild_003925.jpg,3
wild/flickr_wild_003926.jpg,3
wild/flickr_wild_003928.jpg,3
wild/flickr_wild_003929.jpg,3
wild/flickr_wild_003930.jpg,3
wild/flickr_wild_003931.jpg,3
wild/flickr_wild_003932.jpg,3
wild/flickr_wild_003933.jpg,3
wild/flickr_wild_003934.jpg,3
wild/flickr_wild_003935.jpg,3
wild/flickr_wild_003936.jpg,3
wild/flickr_wild_003937.jpg,3
wild/flickr_wild_003938.jpg,3
wild/flickr_wild_003939.jpg,3
wild/flickr_wild_003940.jpg,3
wild/flickr_wild_003941.jpg,3
wild/flickr_wild_003942.jpg,3
wild/flickr_wild_003944.jpg,3
wild/flickr_wild_003945.jpg,3
wild/flickr_wild_003946.jpg,3
wild/flickr_wild_003948.jpg,3
wild/flickr_wild_003949.jpg,3
wild/flickr_wild_003950.jpg,3
wild/flickr_wild_003951.jpg,3
wild/flickr_wild_003952.jpg,3
wild/flickr_wild_003953.jpg,3
wild/flickr_wild_003954.jpg,3
wild/flickr_wild_003955.jpg,3
wild/flickr_wild_003956.jpg,3
wild/flickr_wild_003957.jpg,3
wild/flickr_wild_003958.jpg,3
wild/flickr_wild_003959.jpg,3
wild/flickr_wild_003960.jpg,3
wild/flickr_wild_003961.jpg,3
wild/flickr_wild_003962.jpg,3
wild/flickr_wild_003964.jpg,3
wild/flickr_wild_003965.jpg,3
wild/flickr_wild_003966.jpg,3
wild/flickr_wild_003967.jpg,3
wild/flickr_wild_003968.jpg,3
wild/flickr_wild_003971.jpg,3
wild/flickr_wild_003972.jpg,3
wild/flickr_wild_003973.jpg,3
wild/flickr_wild_003974.jpg,3
wild/flickr_wild_003975.jpg,3
wild/flickr_wild_003976.jpg,3
wild/flickr_wild_003977.jpg,3
wild/flickr_wild_003978.jpg,3
wild/flickr_wild_003979.jpg,3
wild/flickr_wild_003980.jpg,3
wild/flickr_wild_003982.jpg,3
wild/flickr_wild_003983.jpg,3
wild/flickr_wild_003984.jpg,3
wild/flickr_wild_003985.jpg,3
wild/flickr_wild_003986.jpg,3
wild/flickr_wild_003987.jpg,3
wild/pixabay_wild_000002.jpg,6
wild/pixabay_wild_000003.jpg,6
wild/pixabay_wild_000004.jpg,6
wild/pixabay_wild_000005.jpg,6
wild/pixabay_wild_000006.jpg,6
wild/pixabay_wild_000007.jpg,6
wild/pixabay_wild_000008.jpg,6
wild/pixabay_wild_000009.jpg,6
wild/pixabay_wild_000010.jpg,6
wild/pixabay_wild_000011.jpg,6
wild/pixabay_wild_000012.jpg,6
wild/pixabay_wild_000013.jpg,6
wild/pixabay_wild_000014.jpg,6
wild/pixabay_wild_000015.jpg,6
wild/pixabay_wild_000016.jpg,6
wild/pixabay_wild_000018.jpg,6
wild/pixabay_wild_000019.jpg,6
wild/pixabay_wild_000020.jpg,6
wild/pixabay_wild_000021.jpg,6
wild/pixabay_wild_000023.jpg,6
wild/pixabay_wild_000024.jpg,6
wild/pixabay_wild_000026.jpg,6
wild/pixabay_wild_000027.jpg,6
wild/pixabay_wild_000028.jpg,6
wild/pixabay_wild_000029.jpg,6
wild/pixabay_wild_000030.jpg,6
wild/pixabay_wild_000031.jpg,6
wild/pixabay_wild_000032.jpg,6
wild/pixabay_wild_000033.jpg,6
wild/pixabay_wild_000035.jpg,6
wild/pixabay_wild_000036.jpg,6
wild/pixabay_wild_000037.jpg,6
wild/pixabay_wild_000038.jpg,6
wild/pixabay_wild_000039.jpg,6
wild/pixabay_wild_000040.jpg,6
wild/pixabay_wild_000041.jpg,6
wild/pixabay_wild_000042.jpg,7
wild/pixabay_wild_000043.jpg,6
wild/pixabay_wild_000044.jpg,6
wild/pixabay_wild_000045.jpg,6
wild/pixabay_wild_000048.jpg,6
wild/pixabay_wild_000049.jpg,6
wild/pixabay_wild_000050.jpg,6
wild/pixabay_wild_000051.jpg,6
wild/pixabay_wild_000052.jpg,6
wild/pixabay_wild_000053.jpg,6
wild/pixabay_wild_000054.jpg,6
wild/pixabay_wild_000055.jpg,6
wild/pixabay_wild_000056.jpg,6
wild/pixabay_wild_000057.jpg,6
wild/pixabay_wild_000058.jpg,6
wild/pixabay_wild_000059.jpg,6
wild/pixabay_wild_000060.jpg,6
wild/pixabay_wild_000061.jpg,0
wild/pixabay_wild_000062.jpg,6
wild/pixabay_wild_000063.jpg,6
wild/pixabay_wild_000064.jpg,6
wild/pixabay_wild_000065.jpg,6
wild/pixabay_wild_000066.jpg,6
wild/pixabay_wild_000067.jpg,6
wild/pixabay_wild_000068.jpg,6
wild/pixabay_wild_000069.jpg,6
wild/pixabay_wild_000070.jpg,6
wild/pixabay_wild_000071.jpg,6
wild/pixabay_wild_000072.jpg,6
wild/pixabay_wild_000073.jpg,6
wild/pixabay_wild_000074.jpg,6
wild/pixabay_wild_000075.jpg,6
wild/pixabay_wild_000076.jpg,6
wild/pixabay_wild_000077.jpg,6
wild/pixabay_wild_000078.jpg,6
wild/pixabay_wild_000079.jpg,6
wild/pixabay_wild_000080.jpg,6
wild/pixabay_wild_000081.jpg,6
wild/pixabay_wild_000082.jpg,6
wild/pixabay_wild_000083.jpg,6
wild/pixabay_wild_000084.jpg,6
wild/pixabay_wild_000085.jpg,6
wild/pixabay_wild_000086.jpg,6
wild/pixabay_wild_000087.jpg,6
wild/pixabay_wild_000088.jpg,6
wild/pixabay_wild_000089.jpg,6
wild/pixabay_wild_000090.jpg,6
wild/pixabay_wild_000091.jpg,6
wild/pixabay_wild_000092.jpg,6
wild/pixabay_wild_000093.jpg,6
wild/pixabay_wild_000094.jpg,6
wild/pixabay_wild_000095.jpg,6
wild/pixabay_wild_000096.jpg,6
wild/pixabay_wild_000097.jpg,0
wild/pixabay_wild_000098.jpg,6
wild/pixabay_wild_000099.jpg,6
wild/pixabay_wild_000100.jpg,6
wild/pixabay_wild_000101.jpg,6
wild/pixabay_wild_000102.jpg,6
wild/pixabay_wild_000103.jpg,6
wild/pixabay_wild_000104.jpg,6
wild/pixabay_wild_000107.jpg,2
wild/pixabay_wild_000108.jpg,2
wild/pixabay_wild_000109.jpg,2
wild/pixabay_wild_000110.jpg,2
wild/pixabay_wild_000111.jpg,2
wild/pixabay_wild_000112.jpg,2
wild/pixabay_wild_000113.jpg,2
wild/pixabay_wild_000114.jpg,2
wild/pixabay_wild_000115.jpg,2
wild/pixabay_wild_000116.jpg,2
wild/pixabay_wild_000117.jpg,2
wild/pixabay_wild_000118.jpg,2
wild/pixabay_wild_000119.jpg,2
wild/pixabay_wild_000120.jpg,2
wild/pixabay_wild_000121.jpg,2
wild/pixabay_wild_000122.jpg,2
wild/pixabay_wild_000123.jpg,2
wild/pixabay_wild_000124.jpg,2
wild/pixabay_wild_000125.jpg,2
wild/pixabay_wild_000126.jpg,2
wild/pixabay_wild_000127.jpg,2
wild/pixabay_wild_000128.jpg,2
wild/pixabay_wild_000129.jpg,2
wild/pixabay_wild_000130.jpg,2
wild/pixabay_wild_000131.jpg,2
wild/pixabay_wild_000132.jpg,2
wild/pixabay_wild_000133.jpg,2
wild/pixabay_wild_000134.jpg,2
wild/pixabay_wild_000135.jpg,2
wild/pixabay_wild_000136.jpg,2
wild/pixabay_wild_000137.jpg,2
wild/pixabay_wild_000138.jpg,2
wild/pixabay_wild_000139.jpg,2
wild/pixabay_wild_000140.jpg,2
wild/pixabay_wild_000141.jpg,2
wild/pixabay_wild_000142.jpg,2
wild/pixabay_wild_000143.jpg,2
wild/pixabay_wild_000144.jpg,2
wild/pixabay_wild_000145.jpg,2
wild/pixabay_wild_000146.jpg,2
wild/pixabay_wild_000147.jpg,2
wild/pixabay_wild_000148.jpg,2
wild/pixabay_wild_000149.jpg,2
wild/pixabay_wild_000150.jpg,2
wild/pixabay_wild_000151.jpg,2
wild/pixabay_wild_000152.jpg,2
wild/pixabay_wild_000153.jpg,2
wild/pixabay_wild_000154.jpg,2
wild/pixabay_wild_000156.jpg,2
wild/pixabay_wild_000157.jpg,2
wild/pixabay_wild_000158.jpg,2
wild/pixabay_wild_000159.jpg,2
wild/pixabay_wild_000160.jpg,2
wild/pixabay_wild_000161.jpg,2
wild/pixabay_wild_000162.jpg,2
wild/pixabay_wild_000163.jpg,2
wild/pixabay_wild_000164.jpg,2
wild/pixabay_wild_000165.jpg,3
wild/pixabay_wild_000166.jpg,3
wild/pixabay_wild_000167.jpg,3
wild/pixabay_wild_000168.jpg,3
wild/pixabay_wild_000169.jpg,3
wild/pixabay_wild_000170.jpg,3
wild/pixabay_wild_000171.jpg,3
wild/pixabay_wild_000172.jpg,3
wild/pixabay_wild_000173.jpg,3
wild/pixabay_wild_000174.jpg,3
wild/pixabay_wild_000175.jpg,3
wild/pixabay_wild_000176.jpg,3
wild/pixabay_wild_000177.jpg,3
wild/pixabay_wild_000178.jpg,3
wild/pixabay_wild_000179.jpg,3
wild/pixabay_wild_000180.jpg,3
wild/pixabay_wild_000181.jpg,3
wild/pixabay_wild_000182.jpg,3
wild/pixabay_wild_000184.jpg,3
wild/pixabay_wild_000186.jpg,3
wild/pixabay_wild_000187.jpg,3
wild/pixabay_wild_000188.jpg,3
wild/pixabay_wild_000189.jpg,3
wild/pixabay_wild_000191.jpg,3
wild/pixabay_wild_000192.jpg,3
wild/pixabay_wild_000193.jpg,3
wild/pixabay_wild_000194.jpg,3
wild/pixabay_wild_000195.jpg,3
wild/pixabay_wild_000196.jpg,3
wild/pixabay_wild_000197.jpg,3
wild/pixabay_wild_000198.jpg,3
wild/pixabay_wild_000199.jpg,3
wild/pixabay_wild_000200.jpg,3
wild/pixabay_wild_000201.jpg,3
wild/pixabay_wild_000202.jpg,3
wild/pixabay_wild_000203.jpg,3
wild/pixabay_wild_000204.jpg,3
wild/pixabay_wild_000205.jpg,3
wild/pixabay_wild_000206.jpg,3
wild/pixabay_wild_000207.jpg,3
wild/pixabay_wild_000208.jpg,3
wild/pixabay_wild_000209.jpg,3
wild/pixabay_wild_000210.jpg,3
wild/pixabay_wild_000211.jpg,3
wild/pixabay_wild_000212.jpg,3
wild/pixabay_wild_000213.jpg,3
wild/pixabay_wild_000214.jpg,3
wild/pixabay_wild_000215.jpg,3
wild/pixabay_wild_000216.jpg,3
wild/pixabay_wild_000218.jpg,3
wild/pixabay_wild_000219.jpg,3
wild/pixabay_wild_000220.jpg,3
wild/pixabay_wild_000221.jpg,3
wild/pixabay_wild_000222.jpg,3
wild/pixabay_wild_000223.jpg,3
wild/pixabay_wild_000224.jpg,3
wild/pixabay_wild_000225.jpg,3
wild/pixabay_wild_000226.jpg,3
wild/pixabay_wild_000227.jpg,3
wild/pixabay_wild_000228.jpg,3
wild/pixabay_wild_000229.jpg,3
wild/pixabay_wild_000230.jpg,3
wild/pixabay_wild_000231.jpg,3
wild/pixabay_wild_000232.jpg,3
wild/pixabay_wild_000233.jpg,3
wild/pixabay_wild_000234.jpg,3
wild/pixabay_wild_000235.jpg,3
wild/pixabay_wild_000236.jpg,3
wild/pixabay_wild_000237.jpg,3
wild/pixabay_wild_000238.jpg,3
wild/pixabay_wild_000239.jpg,3
wild/pixabay_wild_000240.jpg,3
wild/pixabay_wild_000241.jpg,3
wild/pixabay_wild_000242.jpg,3
wild/pixabay_wild_000243.jpg,3
wild/pixabay_wild_000244.jpg,3
wild/pixabay_wild_000245.jpg,3
wild/pixabay_wild_000246.jpg,3
wild/pixabay_wild_000247.jpg,3
wild/pixabay_wild_000248.jpg,3
wild/pixabay_wild_000249.jpg,3
wild/pixabay_wild_000250.jpg,3
wild/pixabay_wild_000251.jpg,3
wild/pixabay_wild_000252.jpg,3
wild/pixabay_wild_000253.jpg,3
wild/pixabay_wild_000254.jpg,3
wild/pixabay_wild_000255.jpg,3
wild/pixabay_wild_000256.jpg,3
wild/pixabay_wild_000257.jpg,3
wild/pixabay_wild_000258.jpg,3
wild/pixabay_wild_000259.jpg,3
wild/pixabay_wild_000260.jpg,3
wild/pixabay_wild_000261.jpg,3
wild/pixabay_wild_000262.jpg,3
wild/pixabay_wild_000263.jpg,3
wild/pixabay_wild_000264.jpg,3
wild/pixabay_wild_000266.jpg,3
wild/pixabay_wild_000268.jpg,3
wild/pixabay_wild_000269.jpg,3
wild/pixabay_wild_000270.jpg,3
wild/pixabay_wild_000271.jpg,3
wild/pixabay_wild_000272.jpg,3
wild/pixabay_wild_000273.jpg,3
wild/pixabay_wild_000275.jpg,3
wild/pixabay_wild_000276.jpg,3
wild/pixabay_wild_000277.jpg,3
wild/pixabay_wild_000278.jpg,3
wild/pixabay_wild_000279.jpg,3
wild/pixabay_wild_000280.jpg,3
wild/pixabay_wild_000282.jpg,3
wild/pixabay_wild_000283.jpg,3
wild/pixabay_wild_000284.jpg,3
wild/pixabay_wild_000285.jpg,3
wild/pixabay_wild_000286.jpg,3
wild/pixabay_wild_000287.jpg,3
wild/pixabay_wild_000288.jpg,3
wild/pixabay_wild_000289.jpg,3
wild/pixabay_wild_000290.jpg,3
wild/pixabay_wild_000291.jpg,3
wild/pixabay_wild_000292.jpg,3
wild/pixabay_wild_000293.jpg,3
wild/pixabay_wild_000294.jpg,3
wild/pixabay_wild_000295.jpg,3
wild/pixabay_wild_000296.jpg,3
wild/pixabay_wild_000297.jpg,3
wild/pixabay_wild_000299.jpg,3
wild/pixabay_wild_000300.jpg,3
wild/pixabay_wild_000301.jpg,3
wild/pixabay_wild_000302.jpg,3
wild/pixabay_wild_000303.jpg,3
wild/pixabay_wild_000304.jpg,3
wild/pixabay_wild_000305.jpg,3
wild/pixabay_wild_000306.jpg,3
wild/pixabay_wild_000307.jpg,3
wild/pixabay_wild_000308.jpg,3
wild/pixabay_wild_000309.jpg,3
wild/pixabay_wild_000310.jpg,3
wild/pixabay_wild_000311.jpg,3
wild/pixabay_wild_000312.jpg,3
wild/pixabay_wild_000313.jpg,3
wild/pixabay_wild_000314.jpg,3
wild/pixabay_wild_000315.jpg,3
wild/pixabay_wild_000316.jpg,3
wild/pixabay_wild_000317.jpg,3
wild/pixabay_wild_000318.jpg,3
wild/pixabay_wild_000319.jpg,3
wild/pixabay_wild_000320.jpg,3
wild/pixabay_wild_000321.jpg,3
wild/pixabay_wild_000322.jpg,3
wild/pixabay_wild_000323.jpg,3
wild/pixabay_wild_000324.jpg,3
wild/pixabay_wild_000325.jpg,3
wild/pixabay_wild_000327.jpg,3
wild/pixabay_wild_000328.jpg,3
wild/pixabay_wild_000329.jpg,3
wild/pixabay_wild_000330.jpg,3
wild/pixabay_wild_000331.jpg,3
wild/pixabay_wild_000332.jpg,3
wild/pixabay_wild_000333.jpg,3
wild/pixabay_wild_000334.jpg,3
wild/pixabay_wild_000335.jpg,3
wild/pixabay_wild_000336.jpg,3
wild/pixabay_wild_000337.jpg,3
wild/pixabay_wild_000338.jpg,3
wild/pixabay_wild_000339.jpg,3
wild/pixabay_wild_000340.jpg,3
wild/pixabay_wild_000341.jpg,3
wild/pixabay_wild_000342.jpg,3
wild/pixabay_wild_000344.jpg,3
wild/pixabay_wild_000345.jpg,3
wild/pixabay_wild_000346.jpg,3
wild/pixabay_wild_000347.jpg,3
wild/pixabay_wild_000348.jpg,3
wild/pixabay_wild_000350.jpg,3
wild/pixabay_wild_000351.jpg,2
wild/pixabay_wild_000352.jpg,2
wild/pixabay_wild_000353.jpg,2
wild/pixabay_wild_000355.jpg,2
wild/pixabay_wild_000357.jpg,2
wild/pixabay_wild_000358.jpg,2
wild/pixabay_wild_000359.jpg,2
wild/pixabay_wild_000360.jpg,2
wild/pixabay_wild_000362.jpg,2
wild/pixabay_wild_000364.jpg,2
wild/pixabay_wild_000365.jpg,2
wild/pixabay_wild_000366.jpg,2
wild/pixabay_wild_000367.jpg,2
wild/pixabay_wild_000368.jpg,2
wild/pixabay_wild_000369.jpg,2
wild/pixabay_wild_000370.jpg,2
wild/pixabay_wild_000371.jpg,2
wild/pixabay_wild_000372.jpg,2
wild/pixabay_wild_000373.jpg,2
wild/pixabay_wild_000374.jpg,2
wild/pixabay_wild_000375.jpg,2
wild/pixabay_wild_000376.jpg,2
wild/pixabay_wild_000377.jpg,2
wild/pixabay_wild_000378.jpg,2
wild/pixabay_wild_000379.jpg,2
wild/pixabay_wild_000380.jpg,2
wild/pixabay_wild_000382.jpg,2
wild/pixabay_wild_000383.jpg,2
wild/pixabay_wild_000384.jpg,2
wild/pixabay_wild_000385.jpg,2
wild/pixabay_wild_000386.jpg,2
wild/pixabay_wild_000387.jpg,2
wild/pixabay_wild_000388.jpg,2
wild/pixabay_wild_000389.jpg,2
wild/pixabay_wild_000390.jpg,2
wild/pixabay_wild_000391.jpg,2
wild/pixabay_wild_000392.jpg,2
wild/pixabay_wild_000394.jpg,2
wild/pixabay_wild_000395.jpg,2
wild/pixabay_wild_000396.jpg,2
wild/pixabay_wild_000397.jpg,2
wild/pixabay_wild_000398.jpg,2
wild/pixabay_wild_000399.jpg,2
wild/pixabay_wild_000400.jpg,2
wild/pixabay_wild_000401.jpg,2
wild/pixabay_wild_000402.jpg,2
wild/pixabay_wild_000403.jpg,2
wild/pixabay_wild_000405.jpg,2
wild/pixabay_wild_000406.jpg,4
wild/pixabay_wild_000407.jpg,4
wild/pixabay_wild_000408.jpg,4
wild/pixabay_wild_000409.jpg,4
wild/pixabay_wild_000410.jpg,4
wild/pixabay_wild_000411.jpg,4
wild/pixabay_wild_000412.jpg,4
wild/pixabay_wild_000413.jpg,4
wild/pixabay_wild_000415.jpg,4
wild/pixabay_wild_000416.jpg,4
wild/pixabay_wild_000417.jpg,4
wild/pixabay_wild_000419.jpg,4
wild/pixabay_wild_000421.jpg,4
wild/pixabay_wild_000422.jpg,4
wild/pixabay_wild_000424.jpg,4
wild/pixabay_wild_000425.jpg,4
wild/pixabay_wild_000426.jpg,4
wild/pixabay_wild_000427.jpg,4
wild/pixabay_wild_000429.jpg,4
wild/pixabay_wild_000430.jpg,4
wild/pixabay_wild_000431.jpg,4
wild/pixabay_wild_000432.jpg,4
wild/pixabay_wild_000433.jpg,4
wild/pixabay_wild_000435.jpg,4
wild/pixabay_wild_000436.jpg,4
wild/pixabay_wild_000437.jpg,4
wild/pixabay_wild_000438.jpg,4
wild/pixabay_wild_000439.jpg,4
wild/pixabay_wild_000440.jpg,4
wild/pixabay_wild_000441.jpg,4
wild/pixabay_wild_000442.jpg,4
wild/pixabay_wild_000443.jpg,4
wild/pixabay_wild_000444.jpg,4
wild/pixabay_wild_000445.jpg,4
wild/pixabay_wild_000446.jpg,4
wild/pixabay_wild_000447.jpg,4
wild/pixabay_wild_000448.jpg,4
wild/pixabay_wild_000450.jpg,4
wild/pixabay_wild_000451.jpg,4
wild/pixabay_wild_000452.jpg,4
wild/pixabay_wild_000453.jpg,0
wild/pixabay_wild_000454.jpg,4
wild/pixabay_wild_000455.jpg,4
wild/pixabay_wild_000456.jpg,4
wild/pixabay_wild_000457.jpg,4
wild/pixabay_wild_000458.jpg,4
wild/pixabay_wild_000459.jpg,2
wild/pixabay_wild_000460.jpg,4
wild/pixabay_wild_000461.jpg,4
wild/pixabay_wild_000462.jpg,4
wild/pixabay_wild_000463.jpg,4
wild/pixabay_wild_000464.jpg,4
wild/pixabay_wild_000465.jpg,4
wild/pixabay_wild_000466.jpg,4
wild/pixabay_wild_000467.jpg,4
wild/pixabay_wild_000468.jpg,4
wild/pixabay_wild_000469.jpg,4
wild/pixabay_wild_000471.jpg,4
wild/pixabay_wild_000472.jpg,4
wild/pixabay_wild_000473.jpg,4
wild/pixabay_wild_000474.jpg,4
wild/pixabay_wild_000475.jpg,4
wild/pixabay_wild_000476.jpg,4
wild/pixabay_wild_000477.jpg,4
wild/pixabay_wild_000479.jpg,4
wild/pixabay_wild_000480.jpg,4
wild/pixabay_wild_000481.jpg,4
wild/pixabay_wild_000482.jpg,4
wild/pixabay_wild_000483.jpg,4
wild/pixabay_wild_000484.jpg,4
wild/pixabay_wild_000485.jpg,4
wild/pixabay_wild_000486.jpg,4
wild/pixabay_wild_000487.jpg,4
wild/pixabay_wild_000488.jpg,4
wild/pixabay_wild_000489.jpg,4
wild/pixabay_wild_000490.jpg,4
wild/pixabay_wild_000491.jpg,4
wild/pixabay_wild_000492.jpg,4
wild/pixabay_wild_000494.jpg,4
wild/pixabay_wild_000495.jpg,4
wild/pixabay_wild_000496.jpg,4
wild/pixabay_wild_000497.jpg,4
wild/pixabay_wild_000498.jpg,4
wild/pixabay_wild_000499.jpg,4
wild/pixabay_wild_000500.jpg,4
wild/pixabay_wild_000501.jpg,4
wild/pixabay_wild_000502.jpg,4
wild/pixabay_wild_000503.jpg,4
wild/pixabay_wild_000504.jpg,4
wild/pixabay_wild_000505.jpg,4
wild/pixabay_wild_000506.jpg,4
wild/pixabay_wild_000507.jpg,4
wild/pixabay_wild_000508.jpg,4
wild/pixabay_wild_000509.jpg,4
wild/pixabay_wild_000510.jpg,4
wild/pixabay_wild_000511.jpg,4
wild/pixabay_wild_000512.jpg,0
wild/pixabay_wild_000513.jpg,4
wild/pixabay_wild_000514.jpg,4
wild/pixabay_wild_000515.jpg,4
wild/pixabay_wild_000516.jpg,4
wild/pixabay_wild_000517.jpg,4
wild/pixabay_wild_000518.jpg,4
wild/pixabay_wild_000519.jpg,4
wild/pixabay_wild_000520.jpg,4
wild/pixabay_wild_000521.jpg,4
wild/pixabay_wild_000523.jpg,4
wild/pixabay_wild_000524.jpg,4
wild/pixabay_wild_000525.jpg,0
wild/pixabay_wild_000526.jpg,4
wild/pixabay_wild_000527.jpg,0
wild/pixabay_wild_000528.jpg,4
wild/pixabay_wild_000529.jpg,4
wild/pixabay_wild_000530.jpg,4
wild/pixabay_wild_000531.jpg,4
wild/pixabay_wild_000532.jpg,4
wild/pixabay_wild_000533.jpg,4
wild/pixabay_wild_000534.jpg,4
wild/pixabay_wild_000537.jpg,4
wild/pixabay_wild_000538.jpg,4
wild/pixabay_wild_000539.jpg,4
wild/pixabay_wild_000540.jpg,4
wild/pixabay_wild_000541.jpg,4
wild/pixabay_wild_000542.jpg,4
wild/pixabay_wild_000543.jpg,4
wild/pixabay_wild_000544.jpg,4
wild/pixabay_wild_000545.jpg,4
wild/pixabay_wild_000546.jpg,4
wild/pixabay_wild_000547.jpg,4
wild/pixabay_wild_000548.jpg,4
wild/pixabay_wild_000549.jpg,4
wild/pixabay_wild_000550.jpg,4
wild/pixabay_wild_000551.jpg,4
wild/pixabay_wild_000552.jpg,4
wild/pixabay_wild_000553.jpg,4
wild/pixabay_wild_000554.jpg,4
wild/pixabay_wild_000556.jpg,4
wild/pixabay_wild_000557.jpg,4
wild/pixabay_wild_000560.jpg,4
wild/pixabay_wild_000561.jpg,4
wild/pixabay_wild_000562.jpg,4
wild/pixabay_wild_000563.jpg,4
wild/pixabay_wild_000565.jpg,4
wild/pixabay_wild_000566.jpg,4
wild/pixabay_wild_000567.jpg,4
wild/pixabay_wild_000568.jpg,4
wild/pixabay_wild_000569.jpg,4
wild/pixabay_wild_000570.jpg,4
wild/pixabay_wild_000571.jpg,4
wild/pixabay_wild_000572.jpg,4
wild/pixabay_wild_000573.jpg,4
wild/pixabay_wild_000575.jpg,4
wild/pixabay_wild_000576.jpg,4
wild/pixabay_wild_000577.jpg,4
wild/pixabay_wild_000578.jpg,4
wild/pixabay_wild_000579.jpg,4
wild/pixabay_wild_000580.jpg,4
wild/pixabay_wild_000581.jpg,4
wild/pixabay_wild_000582.jpg,4
wild/pixabay_wild_000583.jpg,4
wild/pixabay_wild_000585.jpg,4
wild/pixabay_wild_000586.jpg,4
wild/pixabay_wild_000587.jpg,4
wild/pixabay_wild_000588.jpg,4
wild/pixabay_wild_000589.jpg,4
wild/pixabay_wild_000590.jpg,4
wild/pixabay_wild_000591.jpg,4
wild/pixabay_wild_000592.jpg,4
wild/pixabay_wild_000593.jpg,4
wild/pixabay_wild_000595.jpg,4
wild/pixabay_wild_000596.jpg,4
wild/pixabay_wild_000597.jpg,4
wild/pixabay_wild_000599.jpg,4
wild/pixabay_wild_000600.jpg,4
wild/pixabay_wild_000601.jpg,4
wild/pixabay_wild_000602.jpg,4
wild/pixabay_wild_000603.jpg,4
wild/pixabay_wild_000605.jpg,4
wild/pixabay_wild_000606.jpg,4
wild/pixabay_wild_000607.jpg,6
wild/pixabay_wild_000608.jpg,6
wild/pixabay_wild_000609.jpg,6
wild/pixabay_wild_000610.jpg,6
wild/pixabay_wild_000611.jpg,6
wild/pixabay_wild_000612.jpg,6
wild/pixabay_wild_000614.jpg,6
wild/pixabay_wild_000615.jpg,6
wild/pixabay_wild_000616.jpg,6
wild/pixabay_wild_000617.jpg,6
wild/pixabay_wild_000618.jpg,6
wild/pixabay_wild_000619.jpg,6
wild/pixabay_wild_000620.jpg,6
wild/pixabay_wild_000621.jpg,6
wild/pixabay_wild_000622.jpg,6
wild/pixabay_wild_000623.jpg,6
wild/pixabay_wild_000624.jpg,6
wild/pixabay_wild_000625.jpg,6
wild/pixabay_wild_000626.jpg,6
wild/pixabay_wild_000627.jpg,6
wild/pixabay_wild_000628.jpg,6
wild/pixabay_wild_000630.jpg,0
wild/pixabay_wild_000631.jpg,6
wild/pixabay_wild_000632.jpg,6
wild/pixabay_wild_000633.jpg,6
wild/pixabay_wild_000634.jpg,6
wild/pixabay_wild_000635.jpg,6
wild/pixabay_wild_000636.jpg,6
wild/pixabay_wild_000638.jpg,6
wild/pixabay_wild_000640.jpg,0
wild/pixabay_wild_000641.jpg,6
wild/pixabay_wild_000642.jpg,6
wild/pixabay_wild_000643.jpg,6
wild/pixabay_wild_000644.jpg,6
wild/pixabay_wild_000645.jpg,0
wild/pixabay_wild_000646.jpg,6
wild/pixabay_wild_000647.jpg,6
wild/pixabay_wild_000648.jpg,6
wild/pixabay_wild_000649.jpg,6
wild/pixabay_wild_000651.jpg,6
wild/pixabay_wild_000652.jpg,6
wild/pixabay_wild_000653.jpg,6
wild/pixabay_wild_000655.jpg,6
wild/pixabay_wild_000656.jpg,6
wild/pixabay_wild_000657.jpg,6
wild/pixabay_wild_000658.jpg,6
wild/pixabay_wild_000659.jpg,6
wild/pixabay_wild_000660.jpg,6
wild/pixabay_wild_000661.jpg,6
wild/pixabay_wild_000662.jpg,6
wild/pixabay_wild_000663.jpg,6
wild/pixabay_wild_000665.jpg,6
wild/pixabay_wild_000666.jpg,6
wild/pixabay_wild_000667.jpg,6
wild/pixabay_wild_000668.jpg,6
wild/pixabay_wild_000669.jpg,6
wild/pixabay_wild_000670.jpg,6
wild/pixabay_wild_000671.jpg,6
wild/pixabay_wild_000672.jpg,6
wild/pixabay_wild_000673.jpg,6
wild/pixabay_wild_000674.jpg,6
wild/pixabay_wild_000675.jpg,6
wild/pixabay_wild_000676.jpg,6
wild/pixabay_wild_000677.jpg,6
wild/pixabay_wild_000678.jpg,6
wild/pixabay_wild_000679.jpg,0
wild/pixabay_wild_000681.jpg,6
wild/pixabay_wild_000682.jpg,0
wild/pixabay_wild_000685.jpg,6
wild/pixabay_wild_000686.jpg,6
wild/pixabay_wild_000687.jpg,6
wild/pixabay_wild_000688.jpg,6
wild/pixabay_wild_000689.jpg,6
wild/pixabay_wild_000690.jpg,6
wild/pixabay_wild_000691.jpg,6
wild/pixabay_wild_000692.jpg,6
wild/pixabay_wild_000693.jpg,6
wild/pixabay_wild_000694.jpg,6
wild/pixabay_wild_000695.jpg,6
wild/pixabay_wild_000696.jpg,6
wild/pixabay_wild_000697.jpg,6
wild/pixabay_wild_000698.jpg,6
wild/pixabay_wild_000699.jpg,6
wild/pixabay_wild_000700.jpg,6
wild/pixabay_wild_000701.jpg,6
wild/pixabay_wild_000702.jpg,6
wild/pixabay_wild_000703.jpg,6
wild/pixabay_wild_000704.jpg,6
wild/pixabay_wild_000705.jpg,6
wild/pixabay_wild_000706.jpg,6
wild/pixabay_wild_000707.jpg,0
wild/pixabay_wild_000708.jpg,6
wild/pixabay_wild_000709.jpg,6
wild/pixabay_wild_000710.jpg,6
wild/pixabay_wild_000711.jpg,6
wild/pixabay_wild_000712.jpg,6
wild/pixabay_wild_000713.jpg,6
wild/pixabay_wild_000714.jpg,0
wild/pixabay_wild_000715.jpg,6
wild/pixabay_wild_000716.jpg,6
wild/pixabay_wild_000717.jpg,6
wild/pixabay_wild_000718.jpg,6
wild/pixabay_wild_000720.jpg,6
wild/pixabay_wild_000721.jpg,6
wild/pixabay_wild_000722.jpg,6
wild/pixabay_wild_000723.jpg,6
wild/pixabay_wild_000724.jpg,6
wild/pixabay_wild_000725.jpg,6
wild/pixabay_wild_000726.jpg,6
wild/pixabay_wild_000727.jpg,6
wild/pixabay_wild_000728.jpg,6
wild/pixabay_wild_000729.jpg,6
wild/pixabay_wild_000730.jpg,6
wild/pixabay_wild_000731.jpg,6
wild/pixabay_wild_000733.jpg,6
wild/pixabay_wild_000734.jpg,6
wild/pixabay_wild_000735.jpg,6
wild/pixabay_wild_000736.jpg,6
wild/pixabay_wild_000737.jpg,6
wild/pixabay_wild_000738.jpg,6
wild/pixabay_wild_000739.jpg,6
wild/pixabay_wild_000740.jpg,6
wild/pixabay_wild_000741.jpg,6
wild/pixabay_wild_000742.jpg,6
wild/pixabay_wild_000743.jpg,6
wild/pixabay_wild_000744.jpg,6
wild/pixabay_wild_000746.jpg,6
wild/pixabay_wild_000747.jpg,6
wild/pixabay_wild_000748.jpg,6
wild/pixabay_wild_000749.jpg,2
wild/pixabay_wild_000750.jpg,2
wild/pixabay_wild_000752.jpg,2
wild/pixabay_wild_000753.jpg,2
wild/pixabay_wild_000754.jpg,2
wild/pixabay_wild_000755.jpg,2
wild/pixabay_wild_000756.jpg,2
wild/pixabay_wild_000757.jpg,2
wild/pixabay_wild_000758.jpg,2
wild/pixabay_wild_000759.jpg,2
wild/pixabay_wild_000760.jpg,2
wild/pixabay_wild_000761.jpg,2
wild/pixabay_wild_000763.jpg,2
wild/pixabay_wild_000764.jpg,2
wild/pixabay_wild_000765.jpg,2
wild/pixabay_wild_000766.jpg,2
wild/pixabay_wild_000767.jpg,2
wild/pixabay_wild_000768.jpg,2
wild/pixabay_wild_000769.jpg,2
wild/pixabay_wild_000770.jpg,2
wild/pixabay_wild_000771.jpg,2
wild/pixabay_wild_000772.jpg,2
wild/pixabay_wild_000773.jpg,2
wild/pixabay_wild_000774.jpg,2
wild/pixabay_wild_000775.jpg,2
wild/pixabay_wild_000777.jpg,2
wild/pixabay_wild_000778.jpg,2
wild/pixabay_wild_000779.jpg,2
wild/pixabay_wild_000780.jpg,7
wild/pixabay_wild_000781.jpg,2
wild/pixabay_wild_000782.jpg,2
wild/pixabay_wild_000783.jpg,2
wild/pixabay_wild_000784.jpg,2
wild/pixabay_wild_000785.jpg,2
wild/pixabay_wild_000786.jpg,2
wild/pixabay_wild_000787.jpg,2
wild/pixabay_wild_000788.jpg,2
wild/pixabay_wild_000789.jpg,2
wild/pixabay_wild_000790.jpg,2
wild/pixabay_wild_000792.jpg,2
wild/pixabay_wild_000793.jpg,2
wild/pixabay_wild_000795.jpg,2
wild/pixabay_wild_000796.jpg,2
wild/pixabay_wild_000797.jpg,2
wild/pixabay_wild_000798.jpg,2
wild/pixabay_wild_000799.jpg,2
wild/pixabay_wild_000800.jpg,2
wild/pixabay_wild_000802.jpg,2
wild/pixabay_wild_000803.jpg,2
wild/pixabay_wild_000804.jpg,2
wild/pixabay_wild_000805.jpg,2
wild/pixabay_wild_000806.jpg,2
wild/pixabay_wild_000807.jpg,2
wild/pixabay_wild_000808.jpg,2
wild/pixabay_wild_000809.jpg,2
wild/pixabay_wild_000810.jpg,3
wild/pixabay_wild_000811.jpg,3
wild/pixabay_wild_000812.jpg,3
wild/pixabay_wild_000813.jpg,3
wild/pixabay_wild_000814.jpg,3
wild/pixabay_wild_000815.jpg,3
wild/pixabay_wild_000816.jpg,3
wild/pixabay_wild_000817.jpg,3
wild/pixabay_wild_000818.jpg,3
wild/pixabay_wild_000819.jpg,3
wild/pixabay_wild_000820.jpg,3
wild/pixabay_wild_000821.jpg,3
wild/pixabay_wild_000822.jpg,3
wild/pixabay_wild_000823.jpg,3
wild/pixabay_wild_000824.jpg,3
wild/pixabay_wild_000825.jpg,3
wild/pixabay_wild_000826.jpg,3
wild/pixabay_wild_000827.jpg,3
wild/pixabay_wild_000828.jpg,3
wild/pixabay_wild_000829.jpg,3
wild/pixabay_wild_000830.jpg,3
wild/pixabay_wild_000831.jpg,3
wild/pixabay_wild_000832.jpg,3
wild/pixabay_wild_000833.jpg,3
wild/pixabay_wild_000834.jpg,3
wild/pixabay_wild_000835.jpg,3
wild/pixabay_wild_000836.jpg,3
wild/pixabay_wild_000837.jpg,3
wild/pixabay_wild_000839.jpg,3
wild/pixabay_wild_000841.jpg,3
wild/pixabay_wild_000842.jpg,3
wild/pixabay_wild_000843.jpg,3
wild/pixabay_wild_000844.jpg,3
wild/pixabay_wild_000845.jpg,3
wild/pixabay_wild_000846.jpg,3
wild/pixabay_wild_000847.jpg,3
wild/pixabay_wild_000848.jpg,3
wild/pixabay_wild_000849.jpg,3
wild/pixabay_wild_000850.jpg,3
wild/pixabay_wild_000851.jpg,3
wild/pixabay_wild_000852.jpg,3
wild/pixabay_wild_000853.jpg,3
wild/pixabay_wild_000854.jpg,3
wild/pixabay_wild_000857.jpg,3
wild/pixabay_wild_000858.jpg,3
wild/pixabay_wild_000859.jpg,3
wild/pixabay_wild_000860.jpg,3
wild/pixabay_wild_000861.jpg,3
wild/pixabay_wild_000862.jpg,3
wild/pixabay_wild_000865.jpg,3
wild/pixabay_wild_000867.jpg,3
wild/pixabay_wild_000868.jpg,3
wild/pixabay_wild_000869.jpg,3
wild/pixabay_wild_000870.jpg,3
wild/pixabay_wild_000871.jpg,3
wild/pixabay_wild_000872.jpg,3
wild/pixabay_wild_000873.jpg,3
wild/pixabay_wild_000874.jpg,3
wild/pixabay_wild_000875.jpg,3
wild/pixabay_wild_000876.jpg,3
wild/pixabay_wild_000878.jpg,3
wild/pixabay_wild_000879.jpg,3
wild/pixabay_wild_000880.jpg,3
wild/pixabay_wild_000881.jpg,3
wild/pixabay_wild_000882.jpg,3
wild/pixabay_wild_000883.jpg,3
wild/pixabay_wild_000884.jpg,3
wild/pixabay_wild_000886.jpg,3
wild/pixabay_wild_000887.jpg,0
wild/pixabay_wild_000888.jpg,3
wild/pixabay_wild_000889.jpg,3
wild/pixabay_wild_000890.jpg,3
wild/pixabay_wild_000891.jpg,3
wild/pixabay_wild_000892.jpg,3
wild/pixabay_wild_000893.jpg,3
wild/pixabay_wild_000894.jpg,3
wild/pixabay_wild_000895.jpg,3
wild/pixabay_wild_000896.jpg,3
wild/pixabay_wild_000897.jpg,3
wild/pixabay_wild_000898.jpg,3
wild/pixabay_wild_000899.jpg,3
wild/pixabay_wild_000900.jpg,3
wild/pixabay_wild_000901.jpg,3
wild/pixabay_wild_000902.jpg,3
wild/pixabay_wild_000903.jpg,3
wild/pixabay_wild_000904.jpg,3
wild/pixabay_wild_000905.jpg,3
wild/pixabay_wild_000906.jpg,3
wild/pixabay_wild_000907.jpg,3
wild/pixabay_wild_000908.jpg,3
wild/pixabay_wild_000909.jpg,3
wild/pixabay_wild_000910.jpg,3
wild/pixabay_wild_000911.jpg,3
wild/pixabay_wild_000912.jpg,3
wild/pixabay_wild_000913.jpg,3
wild/pixabay_wild_000914.jpg,3
wild/pixabay_wild_000915.jpg,3
wild/pixabay_wild_000916.jpg,3
wild/pixabay_wild_000917.jpg,3
wild/pixabay_wild_000918.jpg,3
wild/pixabay_wild_000919.jpg,3
wild/pixabay_wild_000921.jpg,3
wild/pixabay_wild_000922.jpg,3
wild/pixabay_wild_000923.jpg,3
wild/pixabay_wild_000924.jpg,3
wild/pixabay_wild_000925.jpg,3
wild/pixabay_wild_000927.jpg,3
wild/pixabay_wild_000928.jpg,3
wild/pixabay_wild_000929.jpg,3
wild/pixabay_wild_000930.jpg,3
wild/pixabay_wild_000931.jpg,3
wild/pixabay_wild_000932.jpg,3
wild/pixabay_wild_000933.jpg,3
wild/pixabay_wild_000934.jpg,3
wild/pixabay_wild_000935.jpg,3
wild/pixabay_wild_000936.jpg,3
wild/pixabay_wild_000937.jpg,3
wild/pixabay_wild_000938.jpg,3
wild/pixabay_wild_000939.jpg,2
wild/pixabay_wild_000941.jpg,2
wild/pixabay_wild_000942.jpg,2
wild/pixabay_wild_000943.jpg,2
wild/pixabay_wild_000944.jpg,2
wild/pixabay_wild_000945.jpg,2
wild/pixabay_wild_000946.jpg,2
wild/pixabay_wild_000947.jpg,2
wild/pixabay_wild_000948.jpg,2
wild/pixabay_wild_000949.jpg,2
wild/pixabay_wild_000950.jpg,2
wild/pixabay_wild_000951.jpg,2
wild/pixabay_wild_000952.jpg,2
wild/pixabay_wild_000953.jpg,2
wild/pixabay_wild_000954.jpg,2
wild/pixabay_wild_000956.jpg,2
wild/pixabay_wild_000957.jpg,2
wild/pixabay_wild_000959.jpg,2
wild/pixabay_wild_000960.jpg,2
wild/pixabay_wild_000961.jpg,2
wild/pixabay_wild_000962.jpg,2
wild/pixabay_wild_000963.jpg,2
wild/pixabay_wild_000964.jpg,2
wild/pixabay_wild_000967.jpg,2
wild/pixabay_wild_000968.jpg,2
wild/pixabay_wild_000969.jpg,2
wild/pixabay_wild_000970.jpg,2
wild/pixabay_wild_000971.jpg,2
wild/pixabay_wild_000973.jpg,2
wild/pixabay_wild_000974.jpg,2
wild/pixabay_wild_000975.jpg,2
wild/pixabay_wild_000976.jpg,2
wild/pixabay_wild_000977.jpg,2
wild/pixabay_wild_000978.jpg,2
wild/pixabay_wild_000979.jpg,2
wild/pixabay_wild_000980.jpg,2
wild/pixabay_wild_000981.jpg,2
wild/pixabay_wild_000982.jpg,2
wild/pixabay_wild_000983.jpg,2
wild/pixabay_wild_000984.jpg,2
wild/pixabay_wild_000985.jpg,2
wild/pixabay_wild_000986.jpg,2
wild/pixabay_wild_000987.jpg,2
wild/pixabay_wild_000989.jpg,2
wild/pixabay_wild_000990.jpg,2
wild/pixabay_wild_000991.jpg,2
wild/pixabay_wild_000992.jpg,2
wild/pixabay_wild_000993.jpg,2
wild/pixabay_wild_000995.jpg,2
wild/pixabay_wild_000996.jpg,2
wild/pixabay_wild_000997.jpg,2
wild/pixabay_wild_000998.jpg,2
wild/pixabay_wild_000999.jpg,2
wild/pixabay_wild_001000.jpg,2
wild/pixabay_wild_001002.jpg,2
wild/pixabay_wild_001003.jpg,2
wild/pixabay_wild_001004.jpg,2
wild/pixabay_wild_001005.jpg,2
wild/pixabay_wild_001006.jpg,2
wild/pixabay_wild_001007.jpg,2
wild/pixabay_wild_001008.jpg,2
wild/pixabay_wild_001009.jpg,2
wild/pixabay_wild_001011.jpg,2
wild/pixabay_wild_001012.jpg,2
wild/pixabay_wild_001013.jpg,2
wild/pixabay_wild_001014.jpg,2
wild/pixabay_wild_001015.jpg,2
wild/pixabay_wild_001016.jpg,2
wild/pixabay_wild_001017.jpg,2
wild/pixabay_wild_001018.jpg,2
wild/pixabay_wild_001019.jpg,2
wild/pixabay_wild_001020.jpg,2
wild/pixabay_wild_001021.jpg,2
wild/pixabay_wild_001022.jpg,2
wild/pixabay_wild_001023.jpg,2
wild/pixabay_wild_001024.jpg,2
wild/pixabay_wild_001025.jpg,2
wild/pixabay_wild_001026.jpg,2
wild/pixabay_wild_001027.jpg,2
wild/pixabay_wild_001029.jpg,2
wild/pixabay_wild_001030.jpg,2
wild/pixabay_wild_001031.jpg,2
wild/pixabay_wild_001032.jpg,2
wild/pixabay_wild_001033.jpg,2
wild/pixabay_wild_001034.jpg,2
wild/pixabay_wild_001035.jpg,2
wild/pixabay_wild_001036.jpg,2
wild/pixabay_wild_001037.jpg,2
wild/pixabay_wild_001038.jpg,2
wild/pixabay_wild_001039.jpg,2
wild/pixabay_wild_001040.jpg,2
wild/pixabay_wild_001041.jpg,2
wild/pixabay_wild_001042.jpg,2
wild/pixabay_wild_001044.jpg,2
wild/pixabay_wild_001045.jpg,2
wild/pixabay_wild_001046.jpg,2
wild/pixabay_wild_001047.jpg,2
wild/pixabay_wild_001048.jpg,2
wild/pixabay_wild_001049.jpg,2
wild/pixabay_wild_001050.jpg,2
wild/pixabay_wild_001051.jpg,2
wild/pixabay_wild_001052.jpg,2
wild/pixabay_wild_001053.jpg,2
wild/pixabay_wild_001054.jpg,6
wild/pixabay_wild_001055.jpg,6
wild/pixabay_wild_001056.jpg,6
wild/pixabay_wild_001057.jpg,6
wild/pixabay_wild_001059.jpg,6
wild/pixabay_wild_001060.jpg,4
wild/pixabay_wild_001061.jpg,4
wild/pixabay_wild_001062.jpg,4
wild/pixabay_wild_001063.jpg,4
wild/pixabay_wild_001064.jpg,4
wild/pixabay_wild_001065.jpg,4
wild/pixabay_wild_001066.jpg,4
wild/pixabay_wild_001067.jpg,0
wild/pixabay_wild_001068.jpg,4
wild/pixabay_wild_001069.jpg,4
wild/pixabay_wild_001070.jpg,4
wild/pixabay_wild_001071.jpg,4
wild/pixabay_wild_001072.jpg,4
wild/pixabay_wild_001073.jpg,4
wild/pixabay_wild_001074.jpg,4
wild/pixabay_wild_001075.jpg,4
wild/pixabay_wild_001076.jpg,4
wild/pixabay_wild_001077.jpg,4
wild/pixabay_wild_001078.jpg,4
wild/pixabay_wild_001079.jpg,2
wild/pixabay_wild_001080.jpg,4
wild/pixabay_wild_001081.jpg,4
wild/pixabay_wild_001083.jpg,4
wild/pixabay_wild_001084.jpg,4
wild/pixabay_wild_001085.jpg,4
wild/pixabay_wild_001086.jpg,4
wild/pixabay_wild_001087.jpg,4
wild/pixabay_wild_001088.jpg,4
wild/pixabay_wild_001089.jpg,4
wild/pixabay_wild_001090.jpg,4
wild/pixabay_wild_001091.jpg,4
wild/pixabay_wild_001092.jpg,4
wild/pixabay_wild_001095.jpg,4
wild/pixabay_wild_001096.jpg,4
wild/pixabay_wild_001097.jpg,4
wild/pixabay_wild_001098.jpg,4
wild/pixabay_wild_001099.jpg,4
wild/pixabay_wild_001100.jpg,4
wild/pixabay_wild_001101.jpg,4
wild/pixabay_wild_001102.jpg,4
wild/pixabay_wild_001103.jpg,4
wild/pixabay_wild_001104.jpg,4
wild/pixabay_wild_001105.jpg,4
wild/pixabay_wild_001106.jpg,4
wild/pixabay_wild_001107.jpg,4
wild/pixabay_wild_001108.jpg,4
wild/pixabay_wild_001109.jpg,4
wild/pixabay_wild_001110.jpg,4
wild/pixabay_wild_001111.jpg,4
wild/pixabay_wild_001113.jpg,4
wild/pixabay_wild_001114.jpg,4
wild/pixabay_wild_001116.jpg,0
wild/pixabay_wild_001117.jpg,4
wild/pixabay_wild_001118.jpg,4
wild/pixabay_wild_001119.jpg,4
wild/pixabay_wild_001120.jpg,4
wild/pixabay_wild_001121.jpg,4
wild/pixabay_wild_001122.jpg,4
wild/pixabay_wild_001123.jpg,4
wild/pixabay_wild_001124.jpg,4
wild/pixabay_wild_001125.jpg,4
wild/pixabay_wild_001126.jpg,4
wild/pixabay_wild_001127.jpg,4
wild/pixabay_wild_001129.jpg,4
wild/pixabay_wild_001130.jpg,4
wild/pixabay_wild_001131.jpg,4
wild/pixabay_wild_001132.jpg,4
wild/pixabay_wild_001135.jpg,4
wild/pixabay_wild_001136.jpg,4
wild/pixabay_wild_001137.jpg,4
wild/pixabay_wild_001138.jpg,4
wild/pixabay_wild_001139.jpg,4
wild/pixabay_wild_001140.jpg,4
wild/pixabay_wild_001141.jpg,4
wild/pixabay_wild_001142.jpg,4
wild/pixabay_wild_001143.jpg,4
wild/pixabay_wild_001144.jpg,4
wild/pixabay_wild_001145.jpg,4
wild/pixabay_wild_001146.jpg,4
wild/pixabay_wild_001147.jpg,4
wild/pixabay_wild_001148.jpg,4
wild/pixabay_wild_001149.jpg,4
wild/pixabay_wild_001150.jpg,4
wild/pixabay_wild_001151.jpg,4
wild/pixabay_wild_001152.jpg,4
wild/pixabay_wild_001153.jpg,4
wild/pixabay_wild_001154.jpg,4
wild/pixabay_wild_001155.jpg,4
wild/pixabay_wild_001156.jpg,4
wild/pixabay_wild_001157.jpg,4
wild/pixabay_wild_001158.jpg,4
wild/pixabay_wild_001159.jpg,4
wild/pixabay_wild_001160.jpg,4
wild/pixabay_wild_001161.jpg,4
wild/pixabay_wild_001162.jpg,6
wild/pixabay_wild_001163.jpg,4
wild/pixabay_wild_001164.jpg,4
wild/pixabay_wild_001166.jpg,4
wild/pixabay_wild_001167.jpg,4
wild/pixabay_wild_001168.jpg,4
wild/pixabay_wild_001169.jpg,4
wild/pixabay_wild_001171.jpg,4
wild/pixabay_wild_001172.jpg,4
wild/pixabay_wild_001173.jpg,4
wild/pixabay_wild_001174.jpg,4
wild/pixabay_wild_001175.jpg,4
wild/pixabay_wild_001176.jpg,4
wild/pixabay_wild_001177.jpg,4
wild/pixabay_wild_001178.jpg,4
wild/pixabay_wild_001179.jpg,4
wild/pixabay_wild_001180.jpg,4
wild/pixabay_wild_001181.jpg,4
wild/pixabay_wild_001182.jpg,4
wild/pixabay_wild_001183.jpg,4
wild/pixabay_wild_001185.jpg,4
wild/pixabay_wild_001186.jpg,4
wild/pixabay_wild_001187.jpg,4
wild/pixabay_wild_001188.jpg,4
wild/pixabay_wild_001189.jpg,4
wild/pixabay_wild_001190.jpg,4
wild/pixabay_wild_001191.jpg,4
wild/pixabay_wild_001193.jpg,4
wild/pixabay_wild_001194.jpg,4
wild/pixabay_wild_001195.jpg,4
wild/pixabay_wild_001196.jpg,4
wild/pixabay_wild_001197.jpg,4
wild/pixabay_wild_001198.jpg,4
wild/pixabay_wild_001199.jpg,4
wild/pixabay_wild_001200.jpg,4
wild/pixabay_wild_001201.jpg,4
wild/pixabay_wild_001202.jpg,4
wild/pixabay_wild_001203.jpg,4
wild/pixabay_wild_001204.jpg,4
wild/pixabay_wild_001205.jpg,4
wild/pixabay_wild_001206.jpg,4
wild/pixabay_wild_001207.jpg,4
wild/pixabay_wild_001208.jpg,4
wild/pixabay_wild_001209.jpg,4
wild/pixabay_wild_001210.jpg,4
wild/pixabay_wild_001211.jpg,4
wild/pixabay_wild_001212.jpg,4
wild/pixabay_wild_001213.jpg,4
wild/pixabay_wild_001214.jpg,4
wild/pixabay_wild_001215.jpg,4
wild/pixabay_wild_001216.jpg,4
wild/pixabay_wild_001217.jpg,4
wild/pixabay_wild_001218.jpg,4
wild/pixabay_wild_001219.jpg,4
wild/pixabay_wild_001220.jpg,4
wild/pixabay_wild_001221.jpg,4
wild/pixabay_wild_001222.jpg,4
wild/pixabay_wild_001223.jpg,4
wild/pixabay_wild_001225.jpg,4
wild/pixabay_wild_001226.jpg,4
wild/pixabay_wild_001227.jpg,4
wild/pixabay_wild_001228.jpg,4
wild/pixabay_wild_001229.jpg,4
wild/pixabay_wild_001230.jpg,4
wild/pixabay_wild_001231.jpg,4
wild/pixabay_wild_001232.jpg,4
wild/pixabay_wild_001233.jpg,4
wild/pixabay_wild_001234.jpg,4
wild/pixabay_wild_001235.jpg,4
wild/pixabay_wild_001236.jpg,4
wild/pixabay_wild_001237.jpg,4
wild/pixabay_wild_001238.jpg,4
wild/pixabay_wild_001239.jpg,4
wild/pixabay_wild_001240.jpg,4
wild/pixabay_wild_001241.jpg,4
wild/pixabay_wild_001242.jpg,4
wild/pixabay_wild_001243.jpg,4
wild/pixabay_wild_001244.jpg,4
wild/pixabay_wild_001245.jpg,4
wild/pixabay_wild_001246.jpg,4
wild/pixabay_wild_001247.jpg,4
wild/pixabay_wild_001248.jpg,4
wild/pixabay_wild_001249.jpg,4
wild/pixabay_wild_001250.jpg,4
wild/pixabay_wild_001251.jpg,4
wild/pixabay_wild_001252.jpg,4
wild/pixabay_wild_001253.jpg,4
